1 0.317008 0.378375 0.031172 0.050900
2 0.517836 0.690687 0.031172 0.050925
2 0.470914 0.756750 0.031172 0.050900
2 0.399586 0.750750 0.031172 0.050900
2 0.434305 0.689188 0.031172 0.050925
2 0.515953 0.561562 0.031156 0.050925
0 0.457953 0.532100 0.313594 0.505850
2 0.695195 0.478975 0.031172 0.050900
2 0.358297 0.564562 0.031156 0.050925
2 0.321695 0.755250 0.031172 0.050900
2 0.687688 0.573575 0.031156 0.050900
2 0.595727 0.686188 0.031172 0.050925
2 0.555367 0.749250 0.031172 0.050900
1 0.437125 0.315312 0.031156 0.050925
1 0.524398 0.309312 0.031172 0.050925
1 0.592906 0.306300 0.031156 0.050900
1 0.606039 0.418925 0.031172 0.050900
1 0.721477 0.388887 0.031172 0.050925
2 0.359234 0.684688 0.031156 0.050925
1 0.702703 0.429425 0.031156 0.050900
1 0.553492 0.500000 0.031172 0.050900
1 0.474664 0.504500 0.031172 0.050900
1 0.472789 0.375375 0.031172 0.050900
1 0.399586 0.376875 0.031172 0.050900
1 0.352664 0.442950 0.031172 0.050900
