1 0.512359 0.503738 0.032156 0.053475
2 0.459133 0.814975 0.032141 0.053450
2 0.428086 0.746025 0.032141 0.053450
2 0.506656 0.758200 0.032156 0.053450
2 0.232297 0.681150 0.032156 0.053450
2 0.318469 0.691287 0.032156 0.053475
2 0.475609 0.684188 0.032156 0.053475
2 0.429984 0.624375 0.032156 0.053450
2 0.508555 0.626400 0.032141 0.053450
2 0.432516 0.501713 0.032156 0.053475
1 0.232297 0.561525 0.032156 0.053450
1 0.274750 0.629450 0.032156 0.053450
1 0.390070 0.686225 0.032141 0.053450
1 0.353320 0.619313 0.032141 0.053475
1 0.350148 0.521988 0.032141 0.053475
1 0.274117 0.506775 0.032141 0.053450
1 0.235469 0.436825 0.032156 0.053450
1 0.314664 0.441900 0.032141 0.053450
2 0.230398 0.812937 0.032141 0.053475
2 0.308961 0.808887 0.032141 0.053475
2 0.388164 0.811925 0.032141 0.053450
1 0.395141 0.434800 0.032156 0.053450
0 0.373844 0.602475 0.313594 0.505850
1 0.436320 0.371950 0.032141 0.053450
1 0.519328 0.384112 0.032156 0.053475
