1 0.503805 0.441600 0.031172 0.050900
1 0.458945 0.372262 0.031172 0.050925
1 0.496195 0.306575 0.031172 0.050900
1 0.420930 0.306575 0.031172 0.050900
1 0.420930 0.437950 0.031172 0.050900
1 0.378344 0.367400 0.031156 0.050900
2 0.576789 0.566912 0.031172 0.050925
2 0.534211 0.621650 0.031172 0.050900
2 0.656633 0.683700 0.031172 0.050900
2 0.614805 0.745750 0.031172 0.050900
2 0.574508 0.687350 0.031172 0.050900
0 0.517359 0.530863 0.313594 0.505875
2 0.375305 0.753050 0.031172 0.050900
2 0.538773 0.750600 0.031172 0.050900
2 0.493156 0.687350 0.031156 0.050900
2 0.457422 0.621650 0.031156 0.050900
1 0.576039 0.304138 0.031172 0.050925
1 0.656633 0.300487 0.031172 0.050925
2 0.459703 0.749400 0.031156 0.050900
2 0.419398 0.688563 0.031172 0.050925
2 0.380625 0.625300 0.031156 0.050900
1 0.616336 0.373475 0.031172 0.050900
1 0.534211 0.368613 0.031172 0.050925
1 0.572992 0.436738 0.031172 0.050925
1 0.620898 0.491488 0.031172 0.050925
