1 0.396727 0.443075 0.032141 0.053450
1 0.317523 0.431250 0.032141 0.053450
2 0.351844 0.749750 0.032156 0.053450
2 0.231984 0.680475 0.032156 0.053450
1 0.516055 0.510675 0.032141 0.053450
0 0.375391 0.597525 0.313594 0.505850
1 0.278977 0.371275 0.032141 0.053450
1 0.356070 0.372113 0.032141 0.053475
1 0.353422 0.497150 0.032156 0.053450
1 0.435797 0.381412 0.032156 0.053475
1 0.519227 0.380562 0.032141 0.053475
2 0.231453 0.809737 0.032156 0.053475
2 0.470117 0.570650 0.032141 0.053450
2 0.508133 0.627250 0.032141 0.053450
2 0.432625 0.623025 0.032156 0.053450
2 0.313297 0.688925 0.032156 0.053450
1 0.433156 0.505600 0.032156 0.053450
1 0.234625 0.438012 0.032156 0.053475
1 0.281617 0.498000 0.032141 0.053450
2 0.425234 0.756513 0.032156 0.053475
2 0.465891 0.823250 0.032156 0.053450
2 0.392500 0.819875 0.032156 0.053450
2 0.310656 0.813962 0.032156 0.053475
2 0.275812 0.746375 0.032156 0.053450
1 0.348672 0.639075 0.032156 0.053450
