2 0.469586 0.759125 0.031172 0.050900
2 0.354773 0.692213 0.031172 0.050925
2 0.399633 0.753050 0.031172 0.050900
2 0.433086 0.689775 0.031172 0.050900
2 0.399633 0.625300 0.031172 0.050900
2 0.357055 0.565700 0.031172 0.050900
2 0.553227 0.751825 0.031172 0.050900
2 0.594281 0.687350 0.031156 0.050900
2 0.558547 0.628950 0.031156 0.050900
2 0.513680 0.564475 0.031172 0.050900
2 0.689320 0.574213 0.031172 0.050925
2 0.696164 0.480538 0.031172 0.050925
1 0.319797 0.506075 0.031156 0.050900
1 0.362383 0.442825 0.031172 0.050900
1 0.399633 0.377125 0.031172 0.050900
1 0.434609 0.313875 0.031156 0.050900
1 0.472633 0.374700 0.031172 0.050900
1 0.477195 0.504862 0.031172 0.050925
1 0.551703 0.504862 0.031156 0.050925
1 0.525852 0.309000 0.031172 0.050900
1 0.595039 0.440387 0.031172 0.050925
1 0.595039 0.305350 0.031172 0.050900
1 0.704531 0.431875 0.031156 0.050900
1 0.721258 0.394162 0.031172 0.050925
0 0.457172 0.535800 0.313594 0.505850
