1 0.352742 0.506925 0.032141 0.053450
2 0.673352 0.537338 0.032141 0.053475
2 0.632172 0.520100 0.032156 0.053450
2 0.671453 0.626550 0.032156 0.053450
0 0.373844 0.596300 0.313594 0.505850
2 0.651812 0.560650 0.032156 0.053450
2 0.635969 0.617425 0.032156 0.053450
2 0.589086 0.541388 0.032141 0.053475
2 0.611891 0.730975 0.032156 0.053450
2 0.320430 0.695488 0.032141 0.053475
2 0.390758 0.811050 0.032141 0.053450
2 0.310289 0.809025 0.032141 0.053450
2 0.163289 0.713738 0.032141 0.053475
2 0.179766 0.813088 0.032156 0.053475
1 0.354008 0.621475 0.032141 0.053450
1 0.580844 0.640738 0.032156 0.053475
1 0.620766 0.568762 0.032156 0.053475
1 0.614430 0.476500 0.032141 0.053450
1 0.643578 0.474475 0.032156 0.053450
1 0.628367 0.411625 0.032141 0.053450
1 0.320430 0.420750 0.032141 0.053450
1 0.278609 0.502862 0.032156 0.053475
1 0.233625 0.428863 0.032156 0.053475
1 0.149984 0.533275 0.032156 0.053450
1 0.163922 0.622500 0.032156 0.053450
