1 0.477945 0.502425 0.031172 0.050900
1 0.360852 0.442825 0.031172 0.050900
1 0.319805 0.507300 0.031172 0.050900
2 0.695406 0.479325 0.031156 0.050900
2 0.689320 0.573000 0.031172 0.050900
2 0.514445 0.564475 0.031172 0.050900
2 0.558547 0.627737 0.031156 0.050925
2 0.553227 0.749400 0.031172 0.050900
2 0.468820 0.759125 0.031172 0.050900
2 0.433086 0.689775 0.031172 0.050900
1 0.473383 0.375913 0.031172 0.050925
1 0.398117 0.375913 0.031172 0.050925
2 0.400398 0.626525 0.031172 0.050900
2 0.356297 0.566912 0.031156 0.050925
2 0.356297 0.692213 0.031156 0.050925
2 0.398875 0.753050 0.031156 0.050900
1 0.435367 0.312650 0.031172 0.050900
0 0.457953 0.535800 0.313594 0.505850
1 0.553227 0.503650 0.031172 0.050900
1 0.596562 0.306575 0.031156 0.050900
1 0.526617 0.309000 0.031172 0.050900
1 0.596562 0.439175 0.031156 0.050900
1 0.720500 0.391725 0.031156 0.050900
1 0.704531 0.434300 0.031156 0.050900
