1 0.474664 0.507500 0.031172 0.050900
1 0.510320 0.564562 0.031172 0.050925
1 0.750563 0.545050 0.031156 0.050900
1 0.472773 0.373863 0.031172 0.050925
1 0.435242 0.311300 0.031172 0.050900
1 0.596336 0.305037 0.031172 0.050925
1 0.399586 0.376875 0.031172 0.050900
2 0.715992 0.305037 0.031172 0.050925
2 0.723023 0.368850 0.031172 0.050900
0 0.456406 0.530863 0.313594 0.505875
1 0.739305 0.590087 0.031172 0.050925
1 0.713961 0.545050 0.031172 0.050900
1 0.526742 0.310050 0.031172 0.050900
1 0.595727 0.569075 0.031172 0.050900
1 0.316070 0.376875 0.031172 0.050900
2 0.360945 0.691675 0.031172 0.050900
2 0.751180 0.497725 0.031172 0.050900
2 0.592430 0.427663 0.031172 0.050925
2 0.441492 0.442675 0.031172 0.050900
2 0.397695 0.502737 0.031172 0.050925
2 0.357039 0.569050 0.031172 0.050900
2 0.594773 0.685425 0.031172 0.050900
2 0.552539 0.747988 0.031172 0.050925
2 0.518133 0.687925 0.031172 0.050900
2 0.433680 0.690425 0.031172 0.050900
