2 0.551688 0.687537 0.031156 0.050925
0 0.491125 0.530863 0.313594 0.505875
1 0.432430 0.752188 0.031172 0.050925
1 0.732211 0.615600 0.031172 0.050900
1 0.698320 0.583275 0.031172 0.050900
1 0.586227 0.622900 0.031172 0.050900
1 0.386805 0.326762 0.031172 0.050925
1 0.431773 0.377850 0.031172 0.050900
1 0.468273 0.311125 0.031172 0.050900
1 0.470227 0.439375 0.031172 0.050900
1 0.558211 0.304862 0.031172 0.050925
1 0.629242 0.302775 0.031172 0.050900
1 0.590133 0.370550 0.031172 0.050900
1 0.506070 0.374725 0.031172 0.050900
2 0.352922 0.638525 0.031156 0.050900
2 0.397883 0.564500 0.031172 0.050900
2 0.395281 0.691712 0.031156 0.050925
2 0.513242 0.748025 0.031172 0.050900
2 0.587531 0.745925 0.031156 0.050900
2 0.629242 0.686500 0.031172 0.050900
2 0.594047 0.497762 0.031156 0.050925
2 0.732211 0.537387 0.031172 0.050925
2 0.702227 0.459188 0.031172 0.050925
2 0.720477 0.418525 0.031172 0.050900
2 0.715914 0.336150 0.031172 0.050900
