2 0.534211 0.624088 0.031172 0.050925
2 0.574508 0.686125 0.031172 0.050900
2 0.615570 0.743300 0.031172 0.050900
2 0.656633 0.684912 0.031172 0.050925
2 0.621648 0.622875 0.031172 0.050900
1 0.376820 0.363750 0.031172 0.050900
1 0.422445 0.439175 0.031172 0.050900
1 0.459703 0.373475 0.031156 0.050900
1 0.502281 0.442825 0.031156 0.050900
1 0.496961 0.306575 0.031172 0.050900
1 0.534211 0.369825 0.031172 0.050900
1 0.573758 0.435525 0.031172 0.050900
1 0.576039 0.302925 0.031172 0.050900
1 0.658148 0.435525 0.031172 0.050900
1 0.617086 0.373475 0.031172 0.050900
1 0.655867 0.301700 0.031172 0.050900
1 0.420164 0.306575 0.031172 0.050900
2 0.376063 0.751825 0.031156 0.050900
2 0.381383 0.625300 0.031172 0.050900
0 0.516594 0.528400 0.313594 0.505850
2 0.458945 0.748175 0.031172 0.050900
2 0.418648 0.687350 0.031172 0.050900
2 0.456664 0.624088 0.031172 0.050925
2 0.493914 0.687350 0.031172 0.050900
2 0.538773 0.751825 0.031172 0.050900
