1 0.315586 0.376363 0.031172 0.050925
1 0.690180 0.417650 0.031172 0.050900
1 0.662023 0.587825 0.031172 0.050900
1 0.696438 0.620350 0.031156 0.050900
1 0.669070 0.679163 0.031172 0.050925
1 0.594773 0.307550 0.031172 0.050900
1 0.525172 0.310050 0.031156 0.050900
1 0.436805 0.312550 0.031172 0.050900
1 0.472773 0.375113 0.031172 0.050925
1 0.399266 0.376363 0.031156 0.050925
1 0.511883 0.565300 0.031172 0.050900
1 0.399266 0.755487 0.031156 0.050925
2 0.440711 0.442675 0.031172 0.050900
2 0.397695 0.502737 0.031172 0.050925
2 0.357039 0.572800 0.031172 0.050900
2 0.362508 0.690425 0.031172 0.050900
2 0.434461 0.690425 0.031172 0.050900
2 0.518914 0.689175 0.031172 0.050900
2 0.554102 0.749238 0.031172 0.050925
2 0.702695 0.571550 0.031172 0.050900
2 0.701133 0.477713 0.031172 0.050925
2 0.719117 0.336325 0.031172 0.050900
2 0.705039 0.296275 0.031172 0.050900
2 0.712859 0.247475 0.031156 0.050900
0 0.456414 0.532012 0.313609 0.505875
