1 0.347172 0.616787 0.031156 0.050925
2 0.678680 0.279800 0.031172 0.050900
2 0.783602 0.475675 0.031172 0.050900
2 0.750148 0.574213 0.031172 0.050925
2 0.533461 0.683700 0.031172 0.050900
2 0.457422 0.686125 0.031156 0.050900
2 0.540297 0.563262 0.031156 0.050925
2 0.563102 0.399025 0.031172 0.050900
2 0.503805 0.378350 0.031172 0.050900
2 0.383664 0.200725 0.031172 0.050900
2 0.369227 0.257900 0.031172 0.050900
2 0.384430 0.420925 0.031172 0.050900
2 0.308398 0.546225 0.031172 0.050900
1 0.778289 0.543800 0.031172 0.050900
1 0.760039 0.504862 0.031172 0.050925
1 0.572227 0.608275 0.031172 0.050900
0 0.446375 0.467900 0.313594 0.505850
1 0.421680 0.615575 0.031172 0.050900
1 0.497719 0.509725 0.031156 0.050900
1 0.466539 0.304138 0.031172 0.050925
1 0.586680 0.250600 0.031172 0.050900
1 0.351734 0.364963 0.031156 0.050925
1 0.358570 0.218975 0.031172 0.050900
1 0.347930 0.487837 0.031172 0.050925
1 0.304586 0.677613 0.031172 0.050925
