1 0.322625 0.584075 0.031156 0.050900
2 0.565836 0.301287 0.031172 0.050925
2 0.490758 0.262500 0.031172 0.050900
2 0.531430 0.437675 0.031172 0.050900
2 0.427414 0.326313 0.031172 0.050925
2 0.367984 0.361350 0.031156 0.050900
2 0.456352 0.413900 0.031172 0.050900
2 0.577570 0.605337 0.031172 0.050925
2 0.536898 0.671650 0.031172 0.050900
2 0.521258 0.572800 0.031172 0.050900
2 0.419602 0.515250 0.031172 0.050900
2 0.371117 0.500238 0.031172 0.050925
2 0.368766 0.662900 0.031156 0.050900
1 0.471992 0.161150 0.031172 0.050900
1 0.375805 0.156150 0.031172 0.050900
1 0.393008 0.254988 0.031172 0.050925
1 0.490758 0.451437 0.031172 0.050925
1 0.565836 0.509000 0.031172 0.050900
1 0.460258 0.476463 0.031172 0.050925
1 0.467305 0.557800 0.031172 0.050900
1 0.489195 0.667900 0.031172 0.050900
1 0.428977 0.634125 0.031172 0.050900
1 0.276492 0.462700 0.031172 0.050900
1 0.294477 0.315050 0.031172 0.050900
0 0.446375 0.466675 0.313594 0.505850
