1 0.386625 0.308388 0.031938 0.049925
2 0.385203 0.554950 0.031937 0.049950
0 0.446148 0.464425 0.313609 0.505850
2 0.463406 0.553913 0.031937 0.049925
2 0.537047 0.569550 0.031937 0.049950
2 0.581359 0.626900 0.031937 0.049950
2 0.499898 0.625850 0.031922 0.049950
2 0.533133 0.692600 0.031922 0.049950
2 0.458188 0.683200 0.031937 0.049950
2 0.421047 0.618550 0.031937 0.049950
2 0.378031 0.682163 0.031937 0.049925
2 0.342187 0.614387 0.031937 0.049925
2 0.301133 0.673825 0.031922 0.049950
1 0.345555 0.239013 0.031922 0.049925
1 0.431703 0.244950 0.031937 0.049950
1 0.510984 0.241475 0.031937 0.049950
1 0.591906 0.246700 0.031937 0.049950
1 0.547375 0.304913 0.031937 0.049925
1 0.465375 0.311862 0.031937 0.049925
1 0.308422 0.301438 0.031938 0.049925
1 0.349695 0.367475 0.031922 0.049950
1 0.425727 0.370950 0.031922 0.049950
1 0.503383 0.371825 0.031922 0.049950
1 0.540312 0.436988 0.031937 0.049925
2 0.305688 0.547650 0.031938 0.049950
