2 0.496516 0.625388 0.032156 0.053475
2 0.454695 0.683175 0.032141 0.053450
2 0.533898 0.694325 0.032141 0.053450
1 0.306430 0.300975 0.032141 0.053450
1 0.348250 0.366875 0.032156 0.053450
1 0.424281 0.372963 0.032156 0.053475
1 0.386266 0.306050 0.032156 0.053450
1 0.343813 0.241163 0.032156 0.053475
1 0.431250 0.246237 0.032156 0.053475
1 0.466102 0.314163 0.032141 0.053475
1 0.509820 0.244212 0.032141 0.053475
1 0.591562 0.245225 0.032156 0.053450
1 0.544672 0.308075 0.032156 0.053450
1 0.503484 0.372963 0.032156 0.053475
1 0.541500 0.436825 0.032156 0.053450
2 0.299461 0.674050 0.032141 0.053450
2 0.377398 0.680138 0.032141 0.053475
2 0.341281 0.615250 0.032156 0.053450
2 0.305164 0.546312 0.032141 0.053475
2 0.384367 0.553412 0.032141 0.053475
2 0.419211 0.620325 0.032141 0.053450
2 0.498414 0.503738 0.032141 0.053475
2 0.579516 0.628425 0.032156 0.053450
2 0.461664 0.553412 0.032141 0.053475
0 0.445602 0.467900 0.313609 0.505850
