2 0.271898 0.740875 0.032141 0.053450
0 0.373844 0.597537 0.310438 0.498475
2 0.513687 0.509725 0.032156 0.053450
2 0.472625 0.573000 0.032156 0.053450
2 0.587438 0.543800 0.032156 0.053450
2 0.630781 0.521900 0.032156 0.053450
2 0.649023 0.558400 0.032141 0.053450
2 0.674875 0.537712 0.032156 0.053475
2 0.671078 0.626525 0.032156 0.053450
2 0.635344 0.615575 0.032156 0.053450
2 0.613289 0.727500 0.032141 0.053450
2 0.164688 0.714112 0.032156 0.053475
2 0.181414 0.817512 0.032141 0.053475
1 0.628500 0.409975 0.032156 0.053450
1 0.645984 0.474450 0.032156 0.053450
1 0.617852 0.472025 0.032141 0.053450
1 0.619375 0.566912 0.032156 0.053475
1 0.581352 0.636250 0.032141 0.053450
1 0.361617 0.368613 0.032141 0.053475
1 0.241484 0.439175 0.032156 0.053450
1 0.357055 0.496350 0.032141 0.053450
1 0.466547 0.695863 0.032156 0.053475
1 0.464266 0.817512 0.032156 0.053475
1 0.160125 0.626525 0.032156 0.053450
1 0.147961 0.534062 0.032141 0.053475
