0 0.518906 0.528400 0.313594 0.505850
2 0.615570 0.743312 0.031172 0.050925
2 0.531180 0.755475 0.031172 0.050900
2 0.494680 0.684912 0.031172 0.050925
2 0.461984 0.622875 0.031156 0.050900
2 0.416367 0.563262 0.031172 0.050925
2 0.576789 0.555963 0.031172 0.050925
2 0.414836 0.687350 0.031172 0.050900
2 0.458945 0.749400 0.031172 0.050900
1 0.785883 0.386862 0.031172 0.050925
1 0.768398 0.425787 0.031172 0.050925
1 0.658148 0.300487 0.031172 0.050925
1 0.658914 0.433088 0.031172 0.050925
1 0.614805 0.497563 0.031172 0.050925
1 0.536492 0.497563 0.031172 0.050925
1 0.588961 0.301700 0.031172 0.050900
1 0.379867 0.502425 0.031172 0.050900
1 0.421680 0.436738 0.031172 0.050925
1 0.459703 0.371050 0.031156 0.050900
1 0.496195 0.307788 0.031172 0.050925
1 0.534211 0.371050 0.031172 0.050900
2 0.758516 0.474450 0.031156 0.050900
2 0.619367 0.622875 0.031172 0.050900
2 0.753195 0.565700 0.031172 0.050900
