1 0.591133 0.246313 0.031922 0.049925
1 0.510977 0.241100 0.031922 0.049950
1 0.430820 0.244225 0.031922 0.049950
1 0.308297 0.301575 0.031937 0.049950
0 0.445609 0.465125 0.313594 0.505850
1 0.346422 0.240050 0.031937 0.049950
1 0.425609 0.371437 0.031937 0.049925
1 0.503813 0.372475 0.031937 0.049950
1 0.350008 0.366225 0.031922 0.049950
1 0.585266 0.378725 0.031937 0.049950
2 0.305688 0.545575 0.031938 0.049950
2 0.385852 0.553913 0.031922 0.049925
2 0.463406 0.556000 0.031937 0.049950
2 0.536391 0.568500 0.031937 0.049950
2 0.581359 0.625850 0.031937 0.049950
2 0.497945 0.625850 0.031922 0.049950
2 0.534437 0.693625 0.031937 0.049950
2 0.458188 0.684250 0.031937 0.049950
2 0.378688 0.681125 0.031938 0.049950
2 0.302438 0.671737 0.031937 0.049925
1 0.547469 0.306787 0.031937 0.049925
2 0.342570 0.614350 0.030484 0.051100
2 0.420922 0.620437 0.030500 0.051075
1 0.467313 0.310950 0.031937 0.049950
1 0.387156 0.307825 0.031937 0.049950
