1 0.625141 0.277662 0.032156 0.053475
2 0.341281 0.702613 0.032156 0.053475
2 0.417313 0.708525 0.032156 0.053450
2 0.573820 0.718663 0.032141 0.053475
2 0.493984 0.712575 0.032156 0.053450
2 0.461664 0.642625 0.032141 0.053450
2 0.382461 0.635525 0.032141 0.053450
2 0.346984 0.577750 0.032156 0.053450
2 0.423648 0.575712 0.032141 0.053475
2 0.500953 0.590925 0.032156 0.053450
2 0.537070 0.647700 0.032141 0.053450
2 0.615000 0.646675 0.032156 0.053450
2 0.578250 0.591938 0.032156 0.053475
1 0.350148 0.329363 0.032141 0.053475
1 0.389437 0.392225 0.032156 0.053450
1 0.585219 0.469275 0.032156 0.053450
1 0.465469 0.396275 0.032156 0.053450
1 0.428086 0.333425 0.032141 0.053450
1 0.389437 0.261450 0.032156 0.053450
1 0.469273 0.263475 0.032141 0.053450
1 0.503484 0.331400 0.032156 0.053450
1 0.583953 0.335450 0.032156 0.053450
1 0.544039 0.269550 0.032141 0.053450
0 0.484930 0.488212 0.312016 0.507025
