1 0.398648 0.378375 0.031172 0.050900
0 0.458719 0.537037 0.313594 0.505875
1 0.713023 0.545050 0.031172 0.050900
1 0.737430 0.591587 0.031172 0.050925
1 0.749625 0.543550 0.031156 0.050900
1 0.595727 0.306300 0.031172 0.050900
1 0.526273 0.310812 0.031172 0.050925
1 0.435242 0.313812 0.031172 0.050925
1 0.473727 0.373875 0.031172 0.050900
1 0.317008 0.376875 0.031172 0.050900
1 0.475602 0.503000 0.031172 0.050900
1 0.511258 0.566063 0.031172 0.050925
1 0.596664 0.569075 0.031172 0.050900
2 0.591969 0.427925 0.031156 0.050900
2 0.549742 0.495500 0.031172 0.050900
2 0.727102 0.420425 0.031172 0.050900
2 0.750563 0.495500 0.031156 0.050900
2 0.595727 0.689188 0.031172 0.050925
2 0.519711 0.689188 0.031172 0.050925
2 0.433367 0.692200 0.031172 0.050900
2 0.362055 0.692200 0.031172 0.050900
2 0.356414 0.570575 0.031172 0.050900
2 0.396773 0.503000 0.031172 0.050900
2 0.439000 0.441437 0.031156 0.050925
2 0.553492 0.752250 0.031172 0.050900
