2 0.346984 0.632487 0.032156 0.053475
2 0.542133 0.435812 0.032141 0.053475
2 0.701172 0.458125 0.032156 0.053450
2 0.789250 0.509825 0.032156 0.053450
2 0.792414 0.560512 0.032141 0.053475
2 0.753766 0.532125 0.032156 0.053450
2 0.722086 0.564562 0.032141 0.053475
2 0.732219 0.664925 0.032156 0.053450
2 0.693570 0.693312 0.032141 0.053475
1 0.701805 0.331400 0.032141 0.053450
1 0.808891 0.600050 0.032156 0.053450
1 0.796219 0.648713 0.032156 0.053475
1 0.765172 0.654800 0.032156 0.053450
1 0.739820 0.745025 0.032141 0.053450
1 0.622602 0.444937 0.032141 0.053475
1 0.425547 0.391200 0.032156 0.053450
1 0.503484 0.504750 0.032156 0.053450
1 0.625773 0.691287 0.032141 0.053475
1 0.541500 0.695350 0.032156 0.053450
1 0.466102 0.315175 0.032141 0.053450
2 0.385633 0.571663 0.032141 0.053475
0 0.486500 0.535800 0.313594 0.505850
1 0.623242 0.314163 0.032141 0.053475
2 0.344445 0.498675 0.032141 0.053450
2 0.382461 0.442913 0.032141 0.053475
