1 0.800648 0.453050 0.032141 0.053450
2 0.423016 0.631475 0.032156 0.053450
2 0.669492 0.617275 0.032141 0.053450
2 0.718914 0.608150 0.032141 0.053450
2 0.760102 0.550375 0.032141 0.053450
2 0.698008 0.554425 0.032141 0.053450
2 0.724617 0.502725 0.032141 0.053450
2 0.698641 0.474338 0.032156 0.053475
2 0.730320 0.455075 0.032141 0.053450
2 0.737289 0.404388 0.032141 0.053475
2 0.718281 0.356737 0.032156 0.053475
2 0.732859 0.666950 0.032156 0.053450
2 0.694836 0.694325 0.032141 0.053450
1 0.744258 0.743000 0.032141 0.053450
1 0.764539 0.656825 0.032141 0.053450
1 0.796219 0.646675 0.032156 0.053450
1 0.810156 0.600050 0.032156 0.053450
1 0.791781 0.504750 0.032156 0.053450
1 0.766437 0.425675 0.032156 0.053450
1 0.820930 0.398300 0.032141 0.053450
1 0.843734 0.363837 0.032156 0.053475
1 0.814594 0.347613 0.032156 0.053475
1 0.785445 0.334437 0.032141 0.053475
1 0.736656 0.294900 0.032156 0.053450
0 0.488047 0.537037 0.313594 0.505875
