2 0.387531 0.573688 0.032156 0.053475
0 0.486500 0.537037 0.313594 0.505875
1 0.467367 0.315175 0.032141 0.053450
1 0.543406 0.316188 0.032156 0.053475
1 0.620070 0.313150 0.032141 0.053450
1 0.385633 0.314163 0.032141 0.053475
1 0.341914 0.383100 0.032141 0.053450
1 0.620703 0.443925 0.032156 0.053450
1 0.808258 0.530100 0.032141 0.053450
1 0.798117 0.645662 0.032141 0.053475
1 0.769602 0.653775 0.032141 0.053450
1 0.743625 0.741975 0.032156 0.053450
1 0.624508 0.692300 0.032141 0.053450
1 0.541500 0.694325 0.032156 0.053450
2 0.754398 0.583825 0.032141 0.053450
2 0.694836 0.698388 0.032141 0.053475
2 0.819023 0.482450 0.032141 0.053450
2 0.832336 0.422637 0.032141 0.053475
2 0.803187 0.381075 0.032156 0.053450
2 0.542133 0.437837 0.032141 0.053475
2 0.586492 0.756175 0.032141 0.053450
2 0.504750 0.754150 0.032156 0.053450
2 0.430617 0.756175 0.032141 0.053450
2 0.350781 0.760225 0.032156 0.053450
2 0.349516 0.633500 0.032156 0.053450
