1 0.518695 0.384112 0.032141 0.053475
1 0.350148 0.523000 0.032141 0.053450
1 0.345719 0.639587 0.032156 0.053475
1 0.436320 0.381075 0.032141 0.053450
1 0.232930 0.438850 0.032141 0.053450
1 0.272852 0.505763 0.032141 0.053475
1 0.273484 0.625388 0.032156 0.053475
2 0.469273 0.567600 0.032141 0.053450
2 0.508555 0.630463 0.032141 0.053475
2 0.431250 0.624375 0.032156 0.053450
2 0.473703 0.688250 0.032156 0.053450
1 0.429984 0.504750 0.032156 0.053450
1 0.395773 0.443925 0.032141 0.053450
2 0.507922 0.762250 0.032156 0.053450
0 0.374609 0.598775 0.313594 0.505850
2 0.461664 0.814975 0.032141 0.053450
1 0.390070 0.689263 0.032141 0.053475
2 0.428719 0.746025 0.032156 0.053450
1 0.277281 0.378025 0.032156 0.053450
2 0.348250 0.753125 0.032156 0.053450
2 0.309594 0.809900 0.032156 0.053450
2 0.272219 0.746025 0.032156 0.053450
2 0.231664 0.680138 0.032141 0.053475
2 0.230398 0.809900 0.032141 0.053450
1 0.512359 0.507800 0.032156 0.053450
