1 0.535398 0.399250 0.031172 0.050900
0 0.479547 0.492600 0.313594 0.505850
2 0.340250 0.719613 0.031156 0.050925
2 0.420719 0.718600 0.031156 0.050900
2 0.504352 0.713525 0.031172 0.050900
2 0.462539 0.653713 0.031172 0.050925
2 0.387773 0.653713 0.031172 0.050925
2 0.347219 0.602013 0.031156 0.050925
2 0.421352 0.584775 0.031172 0.050900
2 0.497383 0.585788 0.031172 0.050925
2 0.539836 0.652700 0.031172 0.050900
2 0.579758 0.719613 0.031172 0.050925
2 0.619680 0.648650 0.031172 0.050900
2 0.577852 0.585788 0.031172 0.050925
1 0.377000 0.273550 0.031156 0.050900
1 0.338984 0.342475 0.031156 0.050900
1 0.378266 0.408375 0.031156 0.050900
1 0.459367 0.400275 0.031172 0.050900
1 0.418180 0.334375 0.031172 0.050900
1 0.457469 0.267462 0.031156 0.050925
1 0.492953 0.338425 0.031156 0.050900
1 0.577227 0.333350 0.031172 0.050900
1 0.535398 0.266450 0.031172 0.050900
1 0.615875 0.261375 0.031156 0.050900
1 0.617773 0.392163 0.031172 0.050925
