1 0.508750 0.376363 0.031156 0.050925
1 0.469648 0.310050 0.031172 0.050900
1 0.433680 0.376363 0.031172 0.050925
1 0.391445 0.321300 0.031172 0.050900
1 0.546289 0.567800 0.031172 0.050900
1 0.723023 0.412650 0.031172 0.050900
1 0.698789 0.581575 0.031172 0.050900
1 0.733195 0.617850 0.031172 0.050900
1 0.705820 0.677913 0.031172 0.050925
1 0.433680 0.751737 0.031172 0.050925
2 0.475117 0.440175 0.031172 0.050900
2 0.432891 0.503988 0.031156 0.050925
2 0.554883 0.685425 0.031172 0.050900
2 0.590086 0.747988 0.031172 0.050925
2 0.514227 0.750487 0.031172 0.050925
2 0.395352 0.690425 0.031172 0.050900
2 0.353125 0.639125 0.031156 0.050900
2 0.740227 0.566550 0.031172 0.050900
2 0.738664 0.476463 0.031172 0.050925
2 0.743359 0.291275 0.031156 0.050900
2 0.712859 0.271250 0.031156 0.050900
2 0.712078 0.327563 0.031156 0.050925
1 0.630742 0.302537 0.031172 0.050925
1 0.559586 0.307550 0.031172 0.050900
0 0.492672 0.533325 0.313594 0.505850
