1 0.829164 0.480425 0.032141 0.053450
2 0.383734 0.442913 0.032156 0.053475
2 0.542773 0.445950 0.032141 0.053450
2 0.624508 0.565575 0.032141 0.053450
2 0.722086 0.452037 0.032141 0.053475
2 0.756930 0.414525 0.032141 0.053450
2 0.713211 0.499675 0.032141 0.053450
2 0.746797 0.529075 0.032156 0.053450
2 0.792414 0.486500 0.032141 0.053450
2 0.791781 0.556450 0.032156 0.053450
2 0.723984 0.562537 0.032156 0.053475
2 0.732219 0.668988 0.032156 0.053475
2 0.695469 0.694325 0.032156 0.053450
1 0.627039 0.435812 0.032141 0.053475
1 0.616898 0.309088 0.032141 0.053475
1 0.464836 0.315175 0.032141 0.053450
1 0.503484 0.507800 0.032156 0.053450
1 0.540867 0.707500 0.032141 0.053450
1 0.741094 0.742988 0.032156 0.053475
1 0.766437 0.656825 0.032156 0.053450
0 0.488047 0.533325 0.313594 0.505850
1 0.794312 0.648713 0.032156 0.053475
1 0.808258 0.598025 0.032141 0.053450
1 0.821562 0.532125 0.032156 0.053450
1 0.845008 0.438850 0.032141 0.053450
