2 0.794953 0.660875 0.032156 0.053450
2 0.741727 0.440875 0.032141 0.053450
2 0.827266 0.644650 0.032156 0.053450
2 0.779742 0.729812 0.032141 0.053475
2 0.730320 0.720687 0.032141 0.053475
2 0.720820 0.765300 0.032141 0.053450
0 0.488047 0.538275 0.313594 0.505850
2 0.628937 0.690275 0.032156 0.053450
2 0.541500 0.695350 0.032156 0.053450
2 0.585852 0.753125 0.032141 0.053450
2 0.504117 0.755150 0.032141 0.053450
2 0.426820 0.755150 0.032141 0.053450
2 0.352687 0.752113 0.032156 0.053475
1 0.544039 0.569638 0.032141 0.053475
1 0.464203 0.446962 0.032156 0.053475
1 0.504750 0.380050 0.032156 0.053450
1 0.691672 0.279687 0.032156 0.053475
1 0.713211 0.252313 0.032141 0.053475
1 0.722719 0.208725 0.032156 0.053450
1 0.711313 0.316188 0.032156 0.053475
1 0.721453 0.378025 0.032156 0.053450
1 0.751227 0.353700 0.032141 0.053450
1 0.775938 0.329363 0.032156 0.053475
1 0.784813 0.382075 0.032156 0.053450
1 0.765172 0.473325 0.032156 0.053450
