1 0.739188 0.366875 0.032156 0.053450
1 0.783547 0.341525 0.032156 0.053450
1 0.815227 0.346600 0.032141 0.053450
1 0.844375 0.363837 0.032156 0.053475
1 0.822195 0.396275 0.032141 0.053450
1 0.768969 0.423650 0.032156 0.053450
1 0.798750 0.447975 0.032156 0.053450
1 0.790516 0.499675 0.032156 0.053450
0 0.487266 0.534575 0.313594 0.505850
1 0.809523 0.599038 0.032141 0.053475
1 0.798117 0.647700 0.032141 0.053450
1 0.765805 0.655800 0.032141 0.053450
1 0.743625 0.740962 0.032156 0.053475
2 0.700539 0.379038 0.032141 0.053475
2 0.735391 0.415538 0.032156 0.053475
2 0.730953 0.454062 0.032156 0.053475
2 0.698641 0.469275 0.032156 0.053450
2 0.724617 0.504750 0.032141 0.053450
2 0.761367 0.549362 0.032141 0.053475
2 0.699273 0.553412 0.032141 0.053475
2 0.718281 0.606125 0.032156 0.053450
2 0.732852 0.666962 0.032141 0.053475
2 0.695469 0.694325 0.032156 0.053450
2 0.669492 0.613225 0.032141 0.053450
2 0.503484 0.504750 0.032156 0.053450
