1 0.612531 0.433088 0.032156 0.053475
2 0.395070 0.565700 0.032141 0.053450
2 0.475672 0.571775 0.032156 0.053450
2 0.516727 0.506075 0.032141 0.053450
2 0.316758 0.566912 0.032141 0.053475
2 0.354016 0.625300 0.032156 0.053450
2 0.430813 0.750613 0.032156 0.053475
2 0.274937 0.732363 0.032156 0.053475
2 0.659672 0.487837 0.032156 0.053475
2 0.670312 0.527975 0.032156 0.053450
2 0.665750 0.583937 0.032156 0.053475
2 0.627734 0.610700 0.032156 0.053450
2 0.603406 0.642338 0.032156 0.053475
1 0.514445 0.636250 0.032141 0.053450
1 0.571469 0.635037 0.032156 0.053475
1 0.470344 0.824813 0.032156 0.053475
1 0.172297 0.620437 0.032156 0.053475
1 0.236164 0.555963 0.032141 0.053475
1 0.149484 0.540150 0.032156 0.053450
1 0.355531 0.493912 0.032156 0.053475
1 0.361617 0.368613 0.032141 0.053475
1 0.239961 0.428225 0.032141 0.053450
1 0.641422 0.447687 0.032156 0.053475
1 0.661187 0.409975 0.032156 0.053450
0 0.373844 0.597537 0.316656 0.498475
