1 0.811219 0.596000 0.032156 0.053450
2 0.699273 0.296075 0.031172 0.050900
2 0.692945 0.367900 0.031172 0.050900
2 0.691352 0.450688 0.031172 0.050925
2 0.723563 0.452375 0.031156 0.050900
2 0.724617 0.498000 0.031172 0.050900
2 0.692945 0.540238 0.031172 0.050925
2 0.760484 0.548275 0.032156 0.053450
2 0.670758 0.616275 0.031172 0.050900
2 0.720398 0.609513 0.031172 0.050925
2 0.733070 0.666963 0.031172 0.050925
2 0.694523 0.696525 0.031172 0.050900
2 0.544570 0.571500 0.031172 0.050900
1 0.793266 0.504750 0.032156 0.053450
1 0.800125 0.455750 0.032156 0.053450
1 0.766859 0.427025 0.032156 0.053450
1 0.817547 0.394075 0.032156 0.053450
1 0.844477 0.366200 0.032141 0.053450
1 0.785867 0.356063 0.032141 0.053475
1 0.734656 0.350150 0.032156 0.053450
1 0.754188 0.312138 0.032156 0.053475
0 0.486500 0.533950 0.313594 0.507100
1 0.797484 0.649225 0.032156 0.053450
1 0.765273 0.654288 0.032141 0.053475
1 0.744156 0.743000 0.032156 0.053450
