2 0.656633 0.568125 0.031172 0.050900
0 0.517383 0.528375 0.313609 0.505850
2 0.577555 0.566912 0.031172 0.050925
2 0.614805 0.631387 0.031172 0.050925
2 0.614805 0.745750 0.031172 0.050900
2 0.539539 0.750600 0.031172 0.050900
2 0.534211 0.624088 0.031172 0.050925
2 0.493914 0.688563 0.031172 0.050925
2 0.458945 0.622875 0.031172 0.050900
2 0.420922 0.564475 0.031156 0.050900
2 0.420164 0.688563 0.031172 0.050925
2 0.458945 0.749400 0.031172 0.050900
2 0.374539 0.753050 0.031172 0.050900
1 0.495438 0.307788 0.031156 0.050925
1 0.576039 0.302925 0.031172 0.050900
1 0.658148 0.302925 0.031172 0.050900
1 0.617086 0.373475 0.031172 0.050900
1 0.574508 0.437950 0.031172 0.050900
1 0.620133 0.487837 0.031172 0.050925
1 0.421680 0.307788 0.031172 0.050925
1 0.458945 0.369825 0.031172 0.050900
1 0.495438 0.434300 0.031156 0.050900
1 0.494680 0.555963 0.031172 0.050925
1 0.381383 0.500000 0.031172 0.050900
1 0.377586 0.364963 0.031172 0.050925
