1 0.466164 0.393375 0.032141 0.053450
0 0.483031 0.486750 0.313594 0.497050
1 0.625203 0.271725 0.032156 0.053450
1 0.585914 0.336600 0.032141 0.053450
1 0.543461 0.264625 0.032141 0.053450
1 0.467430 0.263612 0.032141 0.053475
1 0.386961 0.256512 0.032141 0.053475
1 0.429414 0.328500 0.032141 0.053450
1 0.506078 0.333563 0.032156 0.053475
1 0.389492 0.389325 0.032141 0.053450
1 0.349578 0.327475 0.032156 0.053450
1 0.623930 0.402500 0.032141 0.053450
1 0.538391 0.521112 0.032156 0.053475
2 0.426875 0.452175 0.032156 0.053450
2 0.578945 0.587013 0.032141 0.053475
2 0.617594 0.647837 0.032156 0.053475
2 0.575141 0.716775 0.032156 0.053450
2 0.536492 0.648850 0.032141 0.053450
2 0.462359 0.644800 0.032156 0.053450
2 0.425609 0.573825 0.032156 0.053450
2 0.349578 0.576875 0.032156 0.053450
2 0.384422 0.634663 0.032156 0.053475
2 0.419273 0.704613 0.032141 0.053475
2 0.495305 0.712725 0.032141 0.053450
2 0.343875 0.699538 0.032156 0.053475
