1 0.527023 0.385800 0.031172 0.050900
2 0.527555 0.637562 0.031172 0.050925
2 0.567680 0.702613 0.031172 0.050925
2 0.526500 0.769350 0.031156 0.050900
2 0.490070 0.700075 0.031172 0.050900
2 0.448352 0.633337 0.031172 0.050925
2 0.453102 0.763437 0.031172 0.050925
2 0.411914 0.698388 0.031172 0.050925
2 0.369680 0.636725 0.031172 0.050900
2 0.338000 0.700925 0.031156 0.050900
2 0.286781 0.630800 0.031156 0.050900
2 0.369148 0.767663 0.031172 0.050925
2 0.290477 0.765125 0.031172 0.050900
1 0.407695 0.448325 0.031172 0.050900
1 0.496930 0.452550 0.031172 0.050900
1 0.566633 0.448325 0.031172 0.050900
1 0.567680 0.315688 0.031172 0.050925
1 0.487430 0.316525 0.031172 0.050900
1 0.445711 0.386650 0.031172 0.050900
1 0.407164 0.312300 0.031172 0.050900
1 0.369148 0.383275 0.031172 0.050900
1 0.327961 0.320750 0.031172 0.050900
1 0.334828 0.458462 0.031156 0.050925
1 0.291008 0.386650 0.031172 0.050900
0 0.431703 0.542037 0.313594 0.505875
