2 0.782852 0.478100 0.031172 0.050900
1 0.545617 0.437950 0.031172 0.050900
1 0.466539 0.301700 0.031172 0.050900
1 0.355539 0.216550 0.031172 0.050900
2 0.750914 0.573000 0.031172 0.050900
0 0.445195 0.464275 0.315859 0.505850
1 0.757758 0.504862 0.031172 0.050925
1 0.779039 0.540150 0.031172 0.050900
1 0.499242 0.510950 0.031172 0.050900
1 0.350211 0.364963 0.031172 0.050925
1 0.345648 0.490275 0.031172 0.050900
1 0.418648 0.615575 0.031172 0.050900
1 0.347930 0.620437 0.031172 0.050925
1 0.305352 0.678825 0.031172 0.050900
2 0.384430 0.201950 0.031172 0.050900
2 0.371508 0.259125 0.031172 0.050900
2 0.385945 0.422137 0.031172 0.050925
2 0.307633 0.546225 0.031172 0.050900
2 0.541820 0.562050 0.031172 0.050900
2 0.458180 0.687350 0.031172 0.050900
2 0.532695 0.686125 0.031172 0.050900
2 0.503039 0.382000 0.031172 0.050900
2 0.680195 0.281025 0.031172 0.050900
2 0.750914 0.424575 0.031172 0.050900
