2 0.372320 0.736400 0.031172 0.050900
2 0.292063 0.741475 0.031156 0.050900
1 0.406641 0.287800 0.031156 0.050900
1 0.325852 0.295412 0.031172 0.050925
1 0.407164 0.422125 0.031172 0.050900
1 0.444656 0.359613 0.031156 0.050925
1 0.486898 0.290337 0.031172 0.050925
1 0.527023 0.359613 0.031172 0.050925
1 0.565570 0.283575 0.031172 0.050900
1 0.568211 0.416225 0.031172 0.050900
2 0.527023 0.607150 0.031172 0.050900
2 0.447297 0.608838 0.031156 0.050925
2 0.369148 0.608838 0.031172 0.050925
2 0.287305 0.603775 0.031172 0.050900
2 0.338523 0.675575 0.031172 0.050900
2 0.411914 0.673050 0.031172 0.050900
2 0.489008 0.673887 0.031172 0.050925
1 0.369148 0.360463 0.031172 0.050925
1 0.333773 0.429738 0.031172 0.050925
0 0.431711 0.512350 0.313609 0.505850
1 0.496930 0.427200 0.031172 0.050900
1 0.290477 0.365525 0.031172 0.050900
2 0.566633 0.671350 0.031172 0.050900
2 0.527555 0.741475 0.031172 0.050900
2 0.452578 0.737250 0.031156 0.050900
