2 0.463625 0.523138 0.032156 0.053475
2 0.578945 0.591063 0.032141 0.053475
2 0.615695 0.646825 0.032141 0.053450
2 0.575141 0.715762 0.032156 0.053475
2 0.537125 0.646825 0.032156 0.053450
2 0.495305 0.712725 0.032141 0.053450
2 0.462359 0.643775 0.032156 0.053450
2 0.424344 0.574850 0.032156 0.053450
2 0.349578 0.576875 0.032156 0.053450
2 0.384422 0.635675 0.032156 0.053450
2 0.419273 0.705625 0.032141 0.053450
2 0.342609 0.700550 0.032156 0.053450
1 0.582117 0.462313 0.032141 0.053475
0 0.484187 0.486425 0.313594 0.505850
1 0.350844 0.330525 0.032156 0.053450
1 0.623930 0.402500 0.032141 0.053450
1 0.584016 0.335588 0.032156 0.053475
1 0.625836 0.277800 0.032141 0.053450
1 0.544094 0.271725 0.032156 0.053450
1 0.467430 0.264625 0.032141 0.053450
1 0.388227 0.258550 0.032141 0.053450
1 0.428781 0.331538 0.032156 0.053475
1 0.507344 0.335588 0.032156 0.053475
1 0.466797 0.395400 0.032156 0.053450
1 0.389492 0.393375 0.032141 0.053450
