1 0.810688 0.353525 0.032156 0.053450
1 0.766859 0.653438 0.032156 0.053475
1 0.744688 0.742150 0.032156 0.053450
1 0.797484 0.648375 0.032156 0.053450
1 0.810156 0.598525 0.032156 0.053450
1 0.792203 0.502225 0.032156 0.053450
1 0.801180 0.452375 0.032141 0.053450
1 0.820188 0.398300 0.032156 0.053450
1 0.843422 0.363662 0.032156 0.053475
1 0.773195 0.361137 0.032141 0.053475
1 0.765273 0.287637 0.032141 0.053475
1 0.766859 0.425337 0.032156 0.053475
2 0.738875 0.360288 0.032156 0.053475
2 0.734656 0.409288 0.032156 0.053475
2 0.729898 0.455750 0.032141 0.053450
2 0.700328 0.470962 0.032156 0.053475
2 0.725680 0.503912 0.032141 0.053475
2 0.669180 0.613738 0.032141 0.053475
2 0.699805 0.554600 0.032141 0.053450
2 0.761578 0.546150 0.032156 0.053450
2 0.721453 0.608662 0.032156 0.053475
2 0.733594 0.668650 0.032156 0.053450
2 0.694523 0.699063 0.032141 0.053475
2 0.428930 0.759050 0.032141 0.053450
0 0.487266 0.533325 0.313594 0.505850
