2 0.616930 0.604612 0.032141 0.053475
2 0.393391 0.575413 0.032156 0.053475
2 0.509266 0.619200 0.032156 0.053450
2 0.506531 0.752050 0.032156 0.053450
2 0.431711 0.757900 0.032141 0.053450
2 0.470031 0.826500 0.032156 0.053450
2 0.387008 0.822125 0.032141 0.053450
2 0.315836 0.820662 0.032141 0.053475
2 0.269305 0.747675 0.032141 0.053450
2 0.228242 0.807525 0.032141 0.053450
2 0.318570 0.683438 0.032141 0.053475
1 0.510180 0.511175 0.032141 0.053450
1 0.273867 0.616287 0.032141 0.053475
0 0.375391 0.600012 0.316656 0.498475
1 0.355984 0.503875 0.032156 0.053450
1 0.604156 0.645487 0.032156 0.053475
1 0.475508 0.445487 0.032141 0.053475
1 0.515656 0.379788 0.032156 0.053475
1 0.438102 0.379788 0.032141 0.053475
1 0.360547 0.371025 0.032156 0.053450
1 0.279336 0.371025 0.032141 0.053450
1 0.239195 0.429425 0.032141 0.053450
1 0.387008 0.452788 0.032141 0.053475
1 0.433539 0.506800 0.032141 0.053450
2 0.651602 0.614825 0.032141 0.053450
