2 0.585852 0.754150 0.032141 0.053450
2 0.501586 0.756175 0.032141 0.053450
2 0.426187 0.756175 0.032156 0.053450
1 0.645414 0.496638 0.032141 0.053475
2 0.352047 0.754150 0.032156 0.053450
1 0.620703 0.563550 0.032156 0.053450
1 0.502852 0.382075 0.032141 0.053450
0 0.486500 0.535800 0.313594 0.505850
1 0.461031 0.447975 0.032156 0.053450
1 0.351414 0.572675 0.032141 0.053450
1 0.341281 0.629450 0.032156 0.053450
1 0.426187 0.632487 0.032156 0.053475
1 0.765805 0.476363 0.032141 0.053475
1 0.722086 0.379038 0.032141 0.053475
2 0.742992 0.441900 0.032141 0.053450
2 0.826633 0.642625 0.032141 0.053450
2 0.795586 0.659863 0.032141 0.053475
2 0.780375 0.729812 0.032156 0.053475
2 0.729688 0.722712 0.032156 0.053475
2 0.720180 0.770362 0.032141 0.053475
2 0.627039 0.694325 0.032141 0.053450
2 0.542133 0.697375 0.032141 0.053450
