1 0.466734 0.309088 0.032156 0.053475
1 0.619437 0.310100 0.032156 0.053450
1 0.463570 0.569638 0.032141 0.053475
1 0.774039 0.421625 0.032141 0.053450
0 0.488813 0.534575 0.313594 0.505850
1 0.804453 0.419600 0.032156 0.053450
1 0.843102 0.435812 0.032141 0.053475
1 0.829797 0.482450 0.032156 0.053450
1 0.821562 0.527050 0.032156 0.053450
1 0.808891 0.598025 0.032156 0.053450
1 0.795586 0.645662 0.032141 0.053475
1 0.767070 0.654800 0.032141 0.053450
1 0.744258 0.741975 0.032141 0.053450
2 0.795586 0.489538 0.032141 0.053475
2 0.793680 0.555438 0.032141 0.053475
2 0.732852 0.666962 0.032141 0.053475
2 0.694836 0.700413 0.032141 0.053475
2 0.625141 0.569638 0.032156 0.053475
2 0.543406 0.443925 0.032156 0.053450
2 0.585219 0.629450 0.032156 0.053450
2 0.546570 0.696350 0.032141 0.053450
2 0.471805 0.693312 0.032141 0.053475
2 0.424914 0.635525 0.032141 0.053450
2 0.351422 0.630463 0.032156 0.053475
2 0.385000 0.443925 0.032156 0.053450
