1 0.419398 0.279800 0.031172 0.050900
2 0.617852 0.462287 0.031172 0.050925
1 0.580594 0.526762 0.031156 0.050925
1 0.763836 0.532850 0.031172 0.050900
1 0.765359 0.476887 0.031156 0.050925
1 0.750914 0.364963 0.031172 0.050925
1 0.779039 0.310225 0.031172 0.050900
2 0.767641 0.425787 0.031156 0.050925
2 0.621648 0.590025 0.031172 0.050900
2 0.661953 0.655725 0.031156 0.050900
2 0.502281 0.400250 0.031156 0.050900
2 0.547141 0.721413 0.031156 0.050925
2 0.621648 0.726275 0.031172 0.050900
2 0.465789 0.714112 0.031172 0.050925
2 0.382148 0.723850 0.031172 0.050900
2 0.391273 0.604625 0.031172 0.050900
2 0.421680 0.407537 0.031172 0.050925
2 0.801852 0.447687 0.031172 0.050925
0 0.523531 0.496300 0.313594 0.505850
1 0.661953 0.396600 0.031156 0.050900
1 0.620898 0.340625 0.031172 0.050900
1 0.661195 0.266425 0.031172 0.050900
1 0.579070 0.272500 0.031172 0.050900
1 0.540297 0.341850 0.031156 0.050900
1 0.500000 0.274938 0.031156 0.050925
