1 0.796219 0.643637 0.032156 0.053475
1 0.460398 0.441900 0.032141 0.053450
1 0.786078 0.344575 0.032156 0.053450
1 0.817758 0.348625 0.032141 0.053450
1 0.846906 0.360800 0.032156 0.053450
1 0.820930 0.399312 0.032141 0.053475
1 0.798117 0.448987 0.032141 0.053475
1 0.768969 0.425675 0.032156 0.053450
1 0.791148 0.502725 0.032141 0.053450
1 0.810156 0.593962 0.032156 0.053475
1 0.765805 0.650738 0.032141 0.053475
1 0.743625 0.740962 0.032156 0.053475
2 0.698641 0.379038 0.032156 0.053475
2 0.736656 0.415538 0.032156 0.053475
2 0.732219 0.458125 0.032156 0.053450
2 0.700539 0.470288 0.032141 0.053475
2 0.724617 0.507800 0.032141 0.053450
2 0.760102 0.544288 0.032141 0.053475
2 0.698008 0.551388 0.032141 0.053475
2 0.718914 0.606125 0.032141 0.053450
2 0.732852 0.665950 0.032141 0.053450
2 0.694836 0.694325 0.032141 0.053450
2 0.669492 0.617275 0.032141 0.053450
2 0.545937 0.568625 0.032156 0.053450
0 0.488047 0.540750 0.313594 0.505850
