1 0.469234 0.309825 0.031937 0.049950
2 0.470625 0.689175 0.031937 0.049950
2 0.734563 0.534850 0.031937 0.049950
2 0.593797 0.498350 0.031937 0.049950
1 0.389734 0.323375 0.031937 0.049950
2 0.630289 0.687075 0.031922 0.049950
2 0.553391 0.687075 0.031937 0.049950
2 0.513633 0.749650 0.031922 0.049950
2 0.589234 0.747562 0.031937 0.049925
2 0.432172 0.752775 0.031937 0.049950
2 0.718266 0.336725 0.031937 0.049950
0 0.491484 0.533325 0.313594 0.505850
2 0.722828 0.419100 0.031937 0.049950
2 0.352016 0.760075 0.031937 0.049950
2 0.401578 0.556900 0.031938 0.049950
1 0.472500 0.437025 0.031937 0.049950
1 0.507039 0.373425 0.031922 0.049950
1 0.561125 0.305650 0.031937 0.049950
1 0.630859 0.302525 0.031938 0.049950
1 0.591102 0.371338 0.031922 0.049925
1 0.586547 0.622625 0.031937 0.049950
1 0.517469 0.633050 0.031937 0.049950
1 0.435352 0.626800 0.031922 0.049950
1 0.726656 0.612200 0.031937 0.049950
1 0.432094 0.375500 0.031937 0.049950
