2 0.430617 0.623363 0.032141 0.053475
1 0.518062 0.384112 0.032156 0.053475
1 0.437586 0.373975 0.032141 0.053450
0 0.374609 0.604938 0.313594 0.505875
1 0.397039 0.434800 0.032141 0.053450
1 0.279188 0.377013 0.032156 0.053475
1 0.234828 0.436825 0.032156 0.053450
1 0.272219 0.505763 0.032156 0.053475
1 0.352047 0.520975 0.032156 0.053450
1 0.512359 0.506775 0.032156 0.053450
1 0.390070 0.690275 0.032141 0.053450
1 0.345078 0.636550 0.032156 0.053450
1 0.273484 0.626400 0.032156 0.053450
1 0.231664 0.561525 0.032141 0.053450
2 0.431250 0.499675 0.032156 0.053450
2 0.506656 0.627425 0.032156 0.053450
2 0.476242 0.690275 0.032141 0.053450
2 0.507289 0.762250 0.032141 0.053450
2 0.462297 0.813950 0.032156 0.053450
2 0.428086 0.752113 0.032141 0.053475
2 0.348250 0.752113 0.032156 0.053475
2 0.312133 0.808887 0.032141 0.053475
2 0.274750 0.747050 0.032156 0.053450
2 0.231664 0.683175 0.032141 0.053450
2 0.229766 0.811925 0.032156 0.053450
