2 0.458945 0.744525 0.031172 0.050900
2 0.375305 0.753050 0.031172 0.050900
1 0.730383 0.392950 0.031172 0.050900
2 0.538016 0.749400 0.031156 0.050900
1 0.780570 0.600975 0.031172 0.050900
2 0.616336 0.745750 0.031172 0.050900
2 0.614805 0.630175 0.031172 0.050900
2 0.658914 0.563262 0.031172 0.050925
2 0.617852 0.489050 0.031172 0.050900
2 0.796531 0.529200 0.031156 0.050900
2 0.792727 0.474450 0.031172 0.050900
1 0.538016 0.628950 0.031156 0.050900
1 0.459703 0.509725 0.031156 0.050900
1 0.379867 0.501213 0.031172 0.050925
1 0.414086 0.433088 0.031172 0.050925
2 0.418648 0.684912 0.031172 0.050925
0 0.516586 0.529625 0.313609 0.505850
2 0.380625 0.620437 0.031156 0.050925
1 0.458945 0.371050 0.031172 0.050900
1 0.497719 0.304138 0.031156 0.050925
1 0.573758 0.434300 0.031172 0.050900
2 0.419398 0.569350 0.031172 0.050900
1 0.617086 0.372262 0.031172 0.050925
1 0.576039 0.304138 0.031172 0.050925
1 0.657391 0.305350 0.031156 0.050900
