1 0.506750 0.374000 0.031937 0.049950
1 0.425297 0.500875 0.031937 0.049950
1 0.387820 0.323600 0.031922 0.049950
1 0.432352 0.375750 0.031922 0.049950
0 0.490766 0.535125 0.314125 0.507250
1 0.389992 0.437438 0.031922 0.049925
2 0.734734 0.537725 0.031937 0.049950
2 0.554211 0.456400 0.031922 0.049950
2 0.630461 0.686850 0.031922 0.049950
2 0.588102 0.747325 0.031922 0.049950
2 0.553562 0.686837 0.031937 0.049925
2 0.513156 0.747325 0.031937 0.049950
2 0.471445 0.687875 0.031922 0.049950
2 0.431047 0.750450 0.031937 0.049950
2 0.352187 0.758787 0.031937 0.049925
2 0.391289 0.689975 0.031922 0.049950
2 0.471453 0.560675 0.031937 0.049950
2 0.392594 0.567975 0.031938 0.049950
1 0.724953 0.615212 0.031937 0.049925
1 0.587125 0.624250 0.031937 0.049950
1 0.590391 0.370525 0.031937 0.049950
1 0.630031 0.303625 0.031937 0.049950
1 0.560516 0.307100 0.031937 0.049950
1 0.468195 0.310575 0.031922 0.049950
1 0.471453 0.438300 0.031937 0.049950
