1 0.354016 0.480538 0.031156 0.050925
1 0.392789 0.409975 0.031172 0.050900
1 0.433852 0.476887 0.031172 0.050925
1 0.508367 0.476887 0.031172 0.050925
1 0.468820 0.413625 0.031172 0.050900
1 0.509883 0.344275 0.031172 0.050900
1 0.592758 0.345500 0.031172 0.050900
1 0.553984 0.413625 0.031156 0.050900
1 0.588961 0.472025 0.031172 0.050900
2 0.319797 0.671538 0.031156 0.050925
2 0.312961 0.789538 0.031172 0.050925
2 0.392789 0.789538 0.031172 0.050925
0 0.455625 0.564200 0.313594 0.505850
1 0.314477 0.412400 0.031172 0.050900
2 0.358570 0.726275 0.031172 0.050900
2 0.395070 0.658150 0.031172 0.050900
2 0.470344 0.660587 0.031156 0.050925
2 0.433086 0.727500 0.031172 0.050900
1 0.350977 0.347925 0.031172 0.050900
2 0.474148 0.788325 0.031172 0.050900
2 0.549422 0.796838 0.031156 0.050925
2 0.512930 0.727500 0.031172 0.050900
2 0.548664 0.660587 0.031172 0.050925
2 0.589719 0.728712 0.031156 0.050925
1 0.431570 0.343062 0.031172 0.050925
