2 0.301570 0.477888 0.031172 0.050925
2 0.500633 0.542950 0.031172 0.050900
2 0.536531 0.605463 0.031156 0.050925
2 0.577711 0.673050 0.031172 0.050900
2 0.536531 0.742325 0.031156 0.050900
2 0.498516 0.671350 0.031156 0.050900
2 0.460492 0.733025 0.031172 0.050900
2 0.420898 0.667125 0.031172 0.050900
2 0.420898 0.539562 0.031172 0.050925
2 0.345914 0.664600 0.031172 0.050900
2 0.378656 0.732175 0.031156 0.050900
2 0.298398 0.724575 0.031172 0.050900
1 0.581414 0.417900 0.031172 0.050900
1 0.537586 0.482112 0.031172 0.050925
1 0.458914 0.485500 0.031172 0.050900
1 0.380773 0.479575 0.031172 0.050900
1 0.544977 0.357925 0.031172 0.050900
1 0.584586 0.285275 0.031172 0.050900
1 0.503266 0.284425 0.031156 0.050900
1 0.459445 0.351175 0.031172 0.050900
1 0.423539 0.281900 0.031172 0.050900
1 0.386047 0.347788 0.031156 0.050925
1 0.306844 0.348625 0.031156 0.050900
0 0.442516 0.508650 0.313594 0.505850
1 0.343805 0.281900 0.031172 0.050900
