2 0.726516 0.632487 0.032156 0.053475
0 0.488047 0.535800 0.313594 0.505850
2 0.819023 0.482450 0.032141 0.053450
2 0.768336 0.436825 0.032141 0.053450
2 0.738555 0.403375 0.032141 0.053450
2 0.738555 0.470288 0.032141 0.053475
2 0.779109 0.529075 0.032156 0.053450
2 0.748695 0.533138 0.032141 0.053475
2 0.756930 0.639587 0.032141 0.053475
2 0.774672 0.697375 0.032156 0.053450
2 0.743625 0.685200 0.032156 0.053450
2 0.713219 0.674050 0.032156 0.053450
2 0.706875 0.602075 0.032156 0.053450
1 0.737922 0.356737 0.032156 0.053475
1 0.708141 0.359775 0.032156 0.053450
1 0.680266 0.388162 0.032156 0.053475
1 0.709414 0.405400 0.032141 0.053450
1 0.691672 0.440875 0.032156 0.053450
1 0.707508 0.479400 0.032141 0.053450
1 0.769602 0.482450 0.032141 0.053450
1 0.809523 0.530100 0.032141 0.053450
1 0.823461 0.573688 0.032141 0.053475
1 0.785445 0.581800 0.032141 0.053450
1 0.756297 0.595988 0.032156 0.053475
1 0.730320 0.573688 0.032141 0.053475
