2 0.616336 0.465938 0.031172 0.050925
2 0.620898 0.588812 0.031172 0.050925
2 0.662711 0.655725 0.031172 0.050900
2 0.621648 0.721413 0.031172 0.050925
0 0.522750 0.498700 0.315125 0.505850
2 0.581352 0.656937 0.031172 0.050925
2 0.545617 0.720200 0.031172 0.050900
2 0.459703 0.714112 0.031156 0.050925
2 0.381383 0.725062 0.031172 0.050925
2 0.388992 0.608275 0.031172 0.050900
2 0.421680 0.530412 0.031172 0.050925
1 0.417883 0.278587 0.031172 0.050925
1 0.499242 0.270075 0.031172 0.050900
1 0.578320 0.271288 0.031172 0.050925
1 0.660430 0.265200 0.031172 0.050900
1 0.622414 0.341850 0.031172 0.050900
1 0.660430 0.397813 0.031172 0.050925
1 0.740266 0.495138 0.031156 0.050925
1 0.535742 0.343062 0.031172 0.050925
1 0.500758 0.405113 0.031172 0.050925
1 0.423961 0.409975 0.031172 0.050900
1 0.541055 0.464725 0.031172 0.050900
1 0.546383 0.593675 0.031172 0.050900
2 0.753953 0.427000 0.031156 0.050900
2 0.799570 0.447687 0.031172 0.050925
