1 0.301570 0.411150 0.031172 0.050900
1 0.420367 0.342725 0.031172 0.050900
1 0.497461 0.345250 0.031172 0.050900
1 0.577711 0.343563 0.031172 0.050925
1 0.378133 0.409463 0.031172 0.050925
2 0.299977 0.788787 0.031172 0.050925
2 0.377602 0.790475 0.031172 0.050900
2 0.421953 0.728800 0.031156 0.050900
2 0.460492 0.789625 0.031172 0.050900
2 0.499039 0.728800 0.031172 0.050900
2 0.536008 0.793013 0.031172 0.050925
0 0.441750 0.569137 0.313594 0.505875
1 0.339586 0.345250 0.031172 0.050900
1 0.454164 0.412837 0.031172 0.050925
2 0.575070 0.727962 0.031172 0.050925
2 0.345914 0.729650 0.031172 0.050900
2 0.535477 0.661225 0.031172 0.050900
1 0.538648 0.414525 0.031172 0.050900
2 0.497984 0.598700 0.031156 0.050900
2 0.419836 0.600387 0.031172 0.050925
2 0.300508 0.543787 0.031172 0.050925
1 0.377602 0.540400 0.031172 0.050900
1 0.457328 0.542950 0.031156 0.050900
1 0.531773 0.539562 0.031172 0.050925
1 0.577187 0.471975 0.031156 0.050900
