2 0.720180 0.771375 0.032141 0.053450
0 0.486500 0.539500 0.313594 0.505850
1 0.544672 0.569638 0.032156 0.053475
1 0.763906 0.472313 0.032156 0.053475
1 0.721453 0.378025 0.032156 0.053450
2 0.585852 0.753125 0.032141 0.053450
2 0.352687 0.755150 0.032156 0.053450
2 0.425547 0.755150 0.032156 0.053450
2 0.503484 0.756175 0.032156 0.053450
2 0.540867 0.699400 0.032141 0.053450
1 0.505383 0.383100 0.032141 0.053450
2 0.741094 0.440875 0.032156 0.053450
2 0.827266 0.642625 0.032156 0.053450
2 0.796219 0.665950 0.032156 0.053450
2 0.779109 0.728800 0.032156 0.053450
2 0.732219 0.725750 0.032156 0.053450
1 0.340016 0.626400 0.032156 0.053450
1 0.350148 0.572675 0.032141 0.053450
1 0.425547 0.637550 0.032156 0.053450
1 0.464203 0.446962 0.032156 0.053475
