1 0.348695 0.615575 0.031172 0.050900
0 0.446375 0.465425 0.313594 0.505850
1 0.420930 0.615575 0.031172 0.050900
1 0.346414 0.491488 0.031172 0.050925
1 0.352492 0.364963 0.031172 0.050925
1 0.499242 0.508513 0.031172 0.050925
1 0.465789 0.305350 0.031172 0.050900
1 0.542578 0.436738 0.031156 0.050925
1 0.751672 0.513375 0.031156 0.050900
1 0.775242 0.540150 0.031172 0.050900
1 0.665758 0.418488 0.031172 0.050925
1 0.587438 0.251825 0.031156 0.050900
2 0.307633 0.548663 0.031172 0.050925
2 0.385188 0.422137 0.031156 0.050925
2 0.457422 0.684912 0.031156 0.050925
2 0.532695 0.684912 0.031172 0.050925
2 0.750914 0.575425 0.031172 0.050900
2 0.504562 0.367400 0.031156 0.050900
2 0.542578 0.564475 0.031156 0.050900
2 0.737227 0.465938 0.031172 0.050925
2 0.772961 0.478100 0.031172 0.050900
2 0.708336 0.433088 0.031172 0.050925
2 0.722023 0.532850 0.031172 0.050900
2 0.749391 0.422137 0.031156 0.050925
1 0.306117 0.676400 0.031172 0.050900
