2 0.447945 0.694837 0.031172 0.050925
2 0.485961 0.628100 0.031172 0.050900
1 0.409398 0.502225 0.031172 0.050900
1 0.328609 0.382250 0.031156 0.050900
1 0.366625 0.313825 0.031156 0.050900
1 0.408336 0.378875 0.031172 0.050900
1 0.446352 0.309600 0.031172 0.050900
1 0.526086 0.311287 0.031172 0.050925
1 0.482789 0.382250 0.031172 0.050900
1 0.443711 0.439700 0.031172 0.050900
1 0.484375 0.508125 0.031156 0.050900
1 0.605289 0.307912 0.031172 0.050925
1 0.610570 0.562200 0.031172 0.050900
1 0.567805 0.380562 0.031172 0.050925
2 0.406227 0.761575 0.031172 0.050900
2 0.327555 0.757350 0.031172 0.050900
2 0.329664 0.624725 0.031172 0.050900
2 0.374023 0.695687 0.031172 0.050925
2 0.406227 0.628100 0.031172 0.050900
2 0.489648 0.759050 0.031172 0.050900
2 0.564102 0.763275 0.031172 0.050900
2 0.527148 0.696525 0.031172 0.050900
2 0.527672 0.565575 0.031156 0.050900
2 0.604234 0.699063 0.031156 0.050925
0 0.470297 0.538275 0.313594 0.505850
