2 0.857047 0.577750 0.032156 0.053450
2 0.779109 0.718663 0.032156 0.053475
0 0.488039 0.540750 0.313609 0.505850
2 0.750594 0.568625 0.032156 0.053450
2 0.781008 0.630463 0.032141 0.053475
2 0.750594 0.699400 0.032156 0.053450
2 0.824727 0.643637 0.032141 0.053475
1 0.504750 0.379038 0.032156 0.053475
1 0.462297 0.445950 0.032156 0.053450
1 0.544672 0.567600 0.032156 0.053450
1 0.764539 0.471300 0.032141 0.053450
2 0.687867 0.612212 0.032141 0.053475
1 0.786078 0.386137 0.032156 0.053475
1 0.722086 0.380050 0.032141 0.053450
1 0.750594 0.353700 0.032156 0.053450
1 0.779742 0.326325 0.032141 0.053450
1 0.751227 0.306050 0.032141 0.053450
1 0.772773 0.271575 0.032141 0.053450
1 0.805719 0.281725 0.032156 0.053450
1 0.735391 0.263475 0.032156 0.053450
2 0.734758 0.438850 0.032141 0.053450
2 0.795586 0.508800 0.032141 0.053450
2 0.719547 0.768337 0.032156 0.053475
2 0.840570 0.523000 0.032141 0.053450
2 0.730953 0.625388 0.032156 0.053475
