2 0.669492 0.616262 0.032141 0.053475
2 0.503484 0.505763 0.032156 0.053475
2 0.698008 0.382075 0.032141 0.053450
2 0.736023 0.418575 0.032141 0.053450
2 0.730320 0.460150 0.032141 0.053450
2 0.701172 0.469275 0.032156 0.053450
2 0.724617 0.509825 0.032141 0.053450
2 0.699273 0.557475 0.032141 0.053450
2 0.760102 0.548350 0.032141 0.053450
0 0.487266 0.535800 0.313594 0.505850
2 0.719547 0.612212 0.032156 0.053475
2 0.730953 0.668988 0.032156 0.053475
2 0.695469 0.697375 0.032156 0.053450
1 0.504750 0.378025 0.032156 0.053450
1 0.785445 0.345588 0.032141 0.053475
1 0.817758 0.344575 0.032141 0.053450
1 0.846906 0.363837 0.032156 0.053475
1 0.819023 0.398300 0.032141 0.053450
1 0.798750 0.455075 0.032156 0.053450
1 0.767070 0.423650 0.032141 0.053450
1 0.791781 0.504750 0.032156 0.053450
1 0.809523 0.598025 0.032141 0.053450
1 0.796219 0.645662 0.032156 0.053475
1 0.765172 0.654800 0.032156 0.053450
1 0.743625 0.740962 0.032156 0.053475
