1 0.722719 0.378025 0.032156 0.053450
1 0.767703 0.475350 0.032156 0.053450
1 0.504750 0.381075 0.032156 0.053450
2 0.350781 0.753125 0.032156 0.053450
2 0.426187 0.755150 0.032156 0.053450
2 0.501586 0.754150 0.032141 0.053450
2 0.584586 0.752113 0.032141 0.053475
2 0.540867 0.694325 0.032141 0.053450
2 0.627672 0.693312 0.032156 0.053475
2 0.742359 0.439875 0.032156 0.053450
2 0.719547 0.770362 0.032156 0.053475
1 0.632109 0.425675 0.032156 0.053450
2 0.731586 0.721700 0.032141 0.053450
2 0.781008 0.729812 0.032141 0.053475
2 0.796219 0.665950 0.032156 0.053450
2 0.827266 0.640600 0.032156 0.053450
1 0.340648 0.630463 0.032141 0.053475
1 0.350781 0.570650 0.032156 0.053450
1 0.424281 0.635525 0.032156 0.053450
1 0.547203 0.569638 0.032156 0.053475
1 0.623242 0.560512 0.032141 0.053475
1 0.646680 0.496638 0.032141 0.053475
0 0.486500 0.537050 0.313594 0.505850
1 0.699906 0.196563 0.032156 0.053475
