1 0.419398 0.405113 0.031172 0.050925
0 0.522750 0.499975 0.315125 0.505850
2 0.620898 0.588812 0.031172 0.050925
2 0.663477 0.659375 0.031172 0.050900
2 0.621648 0.712900 0.031172 0.050900
2 0.582117 0.655725 0.031172 0.050900
2 0.550945 0.588812 0.031172 0.050925
2 0.546383 0.720200 0.031172 0.050900
2 0.501523 0.660587 0.031172 0.050925
2 0.468820 0.593675 0.031172 0.050900
2 0.426242 0.658150 0.031172 0.050900
2 0.467305 0.718975 0.031172 0.050900
2 0.384430 0.723850 0.031172 0.050900
2 0.384430 0.598537 0.031172 0.050925
1 0.661195 0.268850 0.031172 0.050900
1 0.660430 0.400250 0.031172 0.050900
1 0.623180 0.339412 0.031172 0.050925
1 0.579836 0.273725 0.031172 0.050900
1 0.579070 0.405113 0.031172 0.050925
1 0.538016 0.343062 0.031156 0.050925
1 0.499242 0.271288 0.031172 0.050925
1 0.504562 0.406325 0.031156 0.050900
1 0.463508 0.341850 0.031172 0.050900
1 0.420164 0.277375 0.031172 0.050900
1 0.378344 0.350363 0.031156 0.050925
