1 0.517523 0.379887 0.031172 0.050925
1 0.279383 0.373975 0.031172 0.050900
1 0.232930 0.433113 0.031172 0.050925
1 0.316352 0.428050 0.031172 0.050900
1 0.398719 0.450850 0.031156 0.050900
1 0.472648 0.449175 0.031172 0.050900
1 0.515414 0.506613 0.031172 0.050925
1 0.432508 0.510838 0.031172 0.050925
1 0.350664 0.497325 0.031172 0.050900
1 0.279914 0.496475 0.031172 0.050900
2 0.229758 0.682338 0.031172 0.050925
2 0.312125 0.688250 0.031156 0.050900
2 0.391328 0.690787 0.031156 0.050925
2 0.468945 0.699237 0.031172 0.050925
2 0.509602 0.757525 0.031172 0.050900
2 0.464727 0.824275 0.031172 0.050900
2 0.391328 0.821738 0.031156 0.050925
2 0.424070 0.755000 0.031172 0.050900
2 0.350664 0.748237 0.031172 0.050925
2 0.307898 0.814125 0.031172 0.050900
2 0.230805 0.809900 0.031172 0.050900
2 0.274109 0.745700 0.031156 0.050900
1 0.354898 0.369750 0.031172 0.050900
0 0.373562 0.598775 0.313594 0.505850
1 0.435680 0.378200 0.031172 0.050900
