1 0.543336 0.592450 0.031172 0.050900
0 0.523922 0.498713 0.315906 0.505875
1 0.660430 0.266425 0.031172 0.050900
1 0.579070 0.271288 0.031172 0.050925
1 0.499242 0.271288 0.031172 0.050925
1 0.417883 0.277375 0.031172 0.050900
1 0.661195 0.399025 0.031172 0.050900
1 0.620133 0.340625 0.031172 0.050900
1 0.537258 0.343062 0.031172 0.050925
1 0.500000 0.403888 0.031156 0.050925
1 0.542578 0.464725 0.031156 0.050900
1 0.426242 0.408750 0.031172 0.050900
1 0.385945 0.473238 0.031172 0.050925
2 0.619367 0.464725 0.031172 0.050900
2 0.800336 0.448900 0.031172 0.050900
2 0.620898 0.590025 0.031172 0.050900
2 0.662711 0.654500 0.031172 0.050900
2 0.582117 0.653288 0.031172 0.050925
2 0.623180 0.722625 0.031172 0.050900
2 0.547141 0.720200 0.031156 0.050900
2 0.506086 0.653288 0.031172 0.050925
2 0.423211 0.532850 0.031172 0.050900
2 0.390508 0.605838 0.031172 0.050925
2 0.466539 0.717763 0.031172 0.050925
2 0.384430 0.725062 0.031172 0.050925
