2 0.699906 0.553412 0.032156 0.053475
0 0.488813 0.535800 0.313594 0.505850
1 0.736023 0.288813 0.032141 0.053475
1 0.782906 0.334437 0.032156 0.053475
1 0.813320 0.348625 0.032141 0.053450
1 0.843102 0.362825 0.032141 0.053450
1 0.819023 0.396275 0.032141 0.053450
1 0.767703 0.421625 0.032156 0.053450
1 0.800016 0.452037 0.032156 0.053475
1 0.793047 0.503738 0.032156 0.053475
1 0.808891 0.598025 0.032156 0.053450
1 0.797484 0.644650 0.032156 0.053450
1 0.767070 0.653775 0.032141 0.053450
1 0.741727 0.741975 0.032141 0.053450
2 0.717016 0.356737 0.032156 0.053475
2 0.736656 0.403375 0.032156 0.053450
2 0.731586 0.452037 0.032141 0.053475
2 0.698641 0.474338 0.032156 0.053475
2 0.725883 0.500700 0.032141 0.053450
2 0.758836 0.547325 0.032141 0.053450
2 0.718281 0.608150 0.032156 0.053450
2 0.730953 0.668988 0.032156 0.053475
2 0.693570 0.699400 0.032141 0.053450
2 0.668859 0.617275 0.032156 0.053450
2 0.426187 0.508800 0.032156 0.053450
