1 0.423211 0.408750 0.031172 0.050900
1 0.386711 0.468375 0.031172 0.050900
2 0.617852 0.463500 0.031172 0.050900
2 0.798813 0.446475 0.031156 0.050900
2 0.620898 0.588812 0.031172 0.050925
2 0.661953 0.653288 0.031156 0.050925
2 0.580594 0.652075 0.031156 0.050900
2 0.623180 0.725062 0.031172 0.050925
2 0.546383 0.718975 0.031172 0.050900
2 0.506836 0.654500 0.031172 0.050900
2 0.466539 0.716550 0.031172 0.050900
2 0.425492 0.658150 0.031172 0.050900
1 0.418648 0.276150 0.031172 0.050900
2 0.420930 0.532850 0.031172 0.050900
2 0.382906 0.725062 0.031156 0.050925
1 0.660430 0.265200 0.031172 0.050900
1 0.621648 0.339412 0.031172 0.050925
0 0.522781 0.498775 0.315156 0.505850
1 0.661195 0.399025 0.031172 0.050900
1 0.542578 0.464725 0.031156 0.050900
1 0.544102 0.592450 0.031172 0.050900
1 0.578320 0.268850 0.031172 0.050900
1 0.539539 0.341850 0.031172 0.050900
1 0.498477 0.268850 0.031172 0.050900
1 0.463508 0.340625 0.031172 0.050900
