2 0.498477 0.659375 0.031172 0.050900
0 0.482641 0.567900 0.313594 0.505850
1 0.617086 0.340625 0.031172 0.050900
1 0.537258 0.345500 0.031172 0.050900
1 0.457422 0.340625 0.031156 0.050900
1 0.374539 0.347925 0.031172 0.050900
1 0.419398 0.411187 0.031172 0.050925
1 0.342609 0.417275 0.031156 0.050900
1 0.495438 0.414838 0.031156 0.050925
1 0.579836 0.413625 0.031172 0.050900
1 0.619367 0.470800 0.031172 0.050900
1 0.535742 0.474450 0.031172 0.050900
1 0.461984 0.476887 0.031156 0.050925
1 0.380625 0.484188 0.031156 0.050925
2 0.576789 0.659375 0.031172 0.050900
2 0.619367 0.722625 0.031172 0.050900
2 0.540297 0.725062 0.031156 0.050925
2 0.579836 0.796838 0.031172 0.050925
2 0.503805 0.790750 0.031172 0.050900
2 0.463508 0.726275 0.031172 0.050900
2 0.422445 0.659375 0.031172 0.050900
2 0.387469 0.728712 0.031156 0.050925
2 0.421680 0.791975 0.031172 0.050900
2 0.341086 0.791975 0.031172 0.050900
2 0.347930 0.673962 0.031172 0.050925
