2 0.621570 0.587825 0.031172 0.050900
2 0.661492 0.652700 0.031172 0.050900
2 0.621570 0.725700 0.031172 0.050900
2 0.582930 0.656750 0.031172 0.050900
2 0.540477 0.589850 0.031172 0.050900
2 0.545539 0.716575 0.031172 0.050900
2 0.504992 0.650675 0.031172 0.050900
0 0.522766 0.495062 0.313594 0.505875
2 0.463172 0.720625 0.031156 0.050900
2 0.465070 0.585788 0.031172 0.050925
2 0.428961 0.654725 0.031172 0.050900
2 0.380805 0.716575 0.031172 0.050900
2 0.388406 0.603025 0.031156 0.050900
1 0.662648 0.397725 0.031172 0.050900
1 0.624711 0.339337 0.031172 0.050925
1 0.663789 0.265838 0.031172 0.050925
1 0.581945 0.268375 0.031172 0.050900
1 0.579305 0.399325 0.031172 0.050900
1 0.540227 0.338500 0.031172 0.050900
1 0.502742 0.264150 0.031172 0.050900
1 0.503266 0.401850 0.031156 0.050900
1 0.463664 0.334275 0.031172 0.050900
1 0.420898 0.272600 0.031172 0.050900
1 0.382883 0.339337 0.031172 0.050925
1 0.422477 0.407775 0.031172 0.050900
