2 0.699906 0.474338 0.032156 0.053475
2 0.725250 0.501713 0.032156 0.053475
2 0.758836 0.544288 0.032141 0.053475
2 0.698641 0.554425 0.032156 0.053450
2 0.720180 0.607150 0.032141 0.053450
2 0.670125 0.614237 0.032156 0.053475
2 0.732852 0.666962 0.032141 0.053475
2 0.694203 0.696350 0.032156 0.053450
2 0.468000 0.567600 0.032156 0.053450
1 0.742992 0.742988 0.032141 0.053475
2 0.729055 0.451025 0.032141 0.053450
1 0.763266 0.654800 0.032156 0.053450
0 0.488047 0.534575 0.313594 0.505850
1 0.795586 0.647700 0.032141 0.053450
1 0.810156 0.598025 0.032156 0.053450
1 0.791781 0.501713 0.032156 0.053475
1 0.799383 0.451025 0.032141 0.053450
1 0.765805 0.426688 0.032141 0.053475
2 0.737922 0.401350 0.032156 0.053450
1 0.819023 0.397288 0.032141 0.053475
1 0.843734 0.363837 0.032156 0.053475
1 0.813320 0.351675 0.032141 0.053450
1 0.784180 0.335450 0.032141 0.053450
1 0.737289 0.292875 0.032141 0.053450
2 0.716383 0.358775 0.032141 0.053450
