2 0.469031 0.756750 0.031156 0.050900
2 0.598539 0.438437 0.031172 0.050925
2 0.546922 0.501500 0.031156 0.050900
2 0.436187 0.442950 0.031156 0.050900
2 0.594789 0.684688 0.031172 0.050925
2 0.553492 0.750750 0.031172 0.050900
2 0.517836 0.689188 0.031172 0.050925
2 0.435242 0.689188 0.031172 0.050925
2 0.398648 0.750750 0.031172 0.050900
2 0.321695 0.753750 0.031172 0.050900
2 0.358297 0.690687 0.031156 0.050925
2 0.321695 0.627625 0.031172 0.050900
1 0.527211 0.307800 0.031172 0.050900
1 0.595727 0.307800 0.031172 0.050900
1 0.476539 0.504500 0.031172 0.050900
1 0.510320 0.561562 0.031172 0.050925
1 0.594789 0.569075 0.031172 0.050900
1 0.713023 0.540538 0.031172 0.050925
1 0.748687 0.542037 0.031156 0.050925
1 0.736492 0.593100 0.031172 0.050900
1 0.474664 0.376875 0.031172 0.050900
1 0.435242 0.313812 0.031172 0.050925
0 0.458719 0.537037 0.313594 0.505875
1 0.397711 0.378375 0.031172 0.050900
1 0.315133 0.378375 0.031172 0.050900
