1 0.704344 0.210750 0.032156 0.053450
1 0.766437 0.474338 0.032156 0.053475
2 0.352047 0.753125 0.032156 0.053450
1 0.721445 0.377013 0.032141 0.053475
2 0.427453 0.756175 0.032156 0.053450
2 0.504117 0.752113 0.032141 0.053475
2 0.540867 0.699400 0.032141 0.053450
2 0.795586 0.664925 0.032141 0.053450
2 0.585852 0.753125 0.032141 0.053450
2 0.627039 0.694325 0.032141 0.053450
2 0.718914 0.766312 0.032141 0.053475
2 0.741094 0.443925 0.032156 0.053450
2 0.826625 0.641612 0.032156 0.053475
0 0.487266 0.535800 0.313594 0.505850
2 0.730320 0.723725 0.032141 0.053450
2 0.779742 0.726775 0.032141 0.053450
1 0.350148 0.573688 0.032141 0.053475
1 0.341914 0.628425 0.032141 0.053450
1 0.424914 0.634513 0.032141 0.053475
1 0.501586 0.381075 0.032141 0.053450
1 0.461031 0.453050 0.032156 0.053450
1 0.541500 0.557475 0.032156 0.053450
1 0.621336 0.565575 0.032141 0.053450
1 0.646047 0.498675 0.032156 0.053450
1 0.631477 0.430750 0.032141 0.053450
