1 0.621648 0.340625 0.031172 0.050900
1 0.424727 0.409975 0.031172 0.050900
1 0.502281 0.405113 0.031156 0.050925
1 0.538016 0.341850 0.031156 0.050900
1 0.661953 0.397813 0.031156 0.050925
1 0.581352 0.527975 0.031172 0.050900
1 0.741789 0.493912 0.031172 0.050925
1 0.777523 0.310225 0.031172 0.050900
1 0.661953 0.266425 0.031156 0.050900
1 0.578320 0.271288 0.031172 0.050925
1 0.500000 0.272500 0.031156 0.050900
1 0.419398 0.281025 0.031172 0.050900
2 0.420930 0.532850 0.031172 0.050900
2 0.390508 0.608275 0.031172 0.050900
2 0.382906 0.725062 0.031156 0.050925
2 0.465789 0.715325 0.031172 0.050900
2 0.502281 0.540150 0.031156 0.050900
2 0.547141 0.721413 0.031156 0.050925
2 0.622414 0.723850 0.031172 0.050900
2 0.661953 0.655725 0.031156 0.050900
2 0.620133 0.588812 0.031172 0.050925
2 0.617852 0.464725 0.031172 0.050900
2 0.801094 0.445250 0.031156 0.050900
2 0.755477 0.425787 0.031172 0.050925
0 0.523828 0.502375 0.317250 0.505850
