1 0.662711 0.396600 0.031172 0.050900
1 0.659672 0.265200 0.031156 0.050900
2 0.623180 0.720200 0.031172 0.050900
2 0.546383 0.718975 0.031172 0.050900
2 0.466539 0.718975 0.031172 0.050900
2 0.384430 0.723850 0.031172 0.050900
1 0.581352 0.396600 0.031172 0.050900
1 0.538016 0.344275 0.031156 0.050900
1 0.500758 0.272500 0.031172 0.050900
0 0.522406 0.498200 0.314500 0.511900
1 0.462742 0.341850 0.031172 0.050900
1 0.503805 0.405113 0.031172 0.050925
1 0.420164 0.408762 0.031172 0.050925
1 0.380625 0.352800 0.031156 0.050900
1 0.418648 0.277375 0.031172 0.050900
2 0.621648 0.588812 0.031172 0.050925
2 0.541820 0.594888 0.031172 0.050925
2 0.470352 0.594888 0.031172 0.050925
2 0.383664 0.597325 0.031172 0.050900
2 0.426242 0.659375 0.031172 0.050900
2 0.506086 0.652075 0.031172 0.050900
2 0.582117 0.654500 0.031172 0.050900
2 0.662711 0.661800 0.031172 0.050900
1 0.579836 0.271288 0.031172 0.050925
1 0.623180 0.339412 0.031172 0.050925
