1 0.781320 0.600975 0.031172 0.050900
1 0.731898 0.386862 0.031172 0.050925
2 0.420922 0.687350 0.031156 0.050900
2 0.418648 0.569350 0.031172 0.050900
2 0.461984 0.624088 0.031156 0.050925
2 0.459703 0.745750 0.031156 0.050900
2 0.538773 0.751825 0.031172 0.050900
2 0.614055 0.743300 0.031172 0.050900
2 0.579836 0.560825 0.031172 0.050900
2 0.658914 0.563262 0.031172 0.050925
2 0.617852 0.489050 0.031172 0.050900
2 0.796531 0.529200 0.031156 0.050900
2 0.791977 0.474450 0.031172 0.050900
1 0.536492 0.626525 0.031172 0.050900
1 0.377586 0.493912 0.031172 0.050925
1 0.460461 0.509725 0.031172 0.050900
1 0.415602 0.434300 0.031172 0.050900
1 0.461227 0.371050 0.031172 0.050900
0 0.518477 0.530863 0.315859 0.515725
2 0.374539 0.749400 0.031172 0.050900
1 0.496961 0.306575 0.031172 0.050900
1 0.573758 0.436738 0.031172 0.050925
1 0.616336 0.372262 0.031172 0.050925
1 0.576039 0.304138 0.031172 0.050925
1 0.658148 0.298050 0.031172 0.050900
