1 0.790516 0.502725 0.032156 0.053450
0 0.488813 0.535800 0.313594 0.505850
1 0.821562 0.395263 0.032156 0.053475
1 0.845641 0.361800 0.032156 0.053450
1 0.813320 0.348625 0.032141 0.053450
1 0.783547 0.339500 0.032156 0.053450
1 0.738555 0.366875 0.032141 0.053450
1 0.767703 0.426688 0.032156 0.053475
1 0.800016 0.453050 0.032156 0.053450
1 0.808258 0.599038 0.032141 0.053475
1 0.796219 0.644650 0.032156 0.053450
1 0.764539 0.653775 0.032141 0.053450
1 0.744258 0.745025 0.032141 0.053450
2 0.732219 0.666962 0.032156 0.053475
2 0.693570 0.697375 0.032141 0.053450
2 0.668859 0.617275 0.032156 0.053450
2 0.719547 0.608150 0.032156 0.053450
2 0.699906 0.558475 0.032156 0.053450
2 0.759469 0.543275 0.032156 0.053450
2 0.724617 0.502725 0.032141 0.053450
2 0.700539 0.467237 0.032141 0.053475
2 0.730320 0.458125 0.032141 0.053450
2 0.735391 0.415538 0.032156 0.053475
2 0.701805 0.379038 0.032141 0.053475
2 0.507289 0.379038 0.032141 0.053475
