1 0.432891 0.373863 0.031156 0.050925
0 0.490359 0.530850 0.313594 0.505850
2 0.431336 0.500238 0.031172 0.050925
2 0.547852 0.559050 0.031172 0.050900
2 0.593211 0.496475 0.031172 0.050900
2 0.719117 0.336325 0.031172 0.050900
2 0.722242 0.417650 0.031172 0.050900
2 0.701914 0.458950 0.031172 0.050900
2 0.733977 0.537775 0.031172 0.050900
2 0.590086 0.746725 0.031172 0.050900
2 0.554102 0.687925 0.031172 0.050900
2 0.513445 0.750487 0.031172 0.050925
2 0.395352 0.690425 0.031172 0.050900
2 0.355477 0.637875 0.031172 0.050900
1 0.507969 0.372600 0.031156 0.050900
1 0.561148 0.302537 0.031172 0.050925
1 0.631523 0.302537 0.031172 0.050925
1 0.633086 0.440175 0.031172 0.050900
1 0.515008 0.500238 0.031172 0.050925
1 0.432898 0.750487 0.031172 0.050925
1 0.698789 0.582825 0.031172 0.050900
1 0.733977 0.612850 0.031172 0.050900
1 0.705039 0.676663 0.031172 0.050925
1 0.468086 0.312550 0.031172 0.050900
1 0.389102 0.326313 0.031172 0.050925
