1 0.412555 0.411187 0.031172 0.050925
1 0.611008 0.473225 0.031172 0.050900
1 0.569945 0.411187 0.031172 0.050925
1 0.607969 0.343062 0.031156 0.050925
1 0.529648 0.344275 0.031172 0.050900
1 0.526617 0.474450 0.031172 0.050900
1 0.487070 0.414838 0.031172 0.050925
1 0.449820 0.343062 0.031172 0.050925
1 0.452102 0.478100 0.031172 0.050900
1 0.372258 0.485400 0.031172 0.050900
1 0.369227 0.352800 0.031172 0.050900
1 0.333484 0.417275 0.031156 0.050900
2 0.569195 0.663025 0.031172 0.050900
2 0.489352 0.663025 0.031172 0.050900
2 0.610250 0.729925 0.031156 0.050900
2 0.531930 0.727500 0.031172 0.050900
2 0.414086 0.659375 0.031172 0.050900
2 0.338805 0.672750 0.031172 0.050900
2 0.378344 0.729925 0.031156 0.050900
2 0.452859 0.727500 0.031156 0.050900
2 0.412562 0.791975 0.031156 0.050900
2 0.331961 0.790750 0.031172 0.050900
2 0.569195 0.796838 0.031172 0.050925
2 0.494680 0.791975 0.031172 0.050900
0 0.473375 0.567900 0.313594 0.505850
