2 0.422445 0.711675 0.032141 0.053450
2 0.541055 0.532850 0.032141 0.053450
2 0.460461 0.521900 0.032141 0.053450
2 0.500758 0.587588 0.032141 0.053475
2 0.428531 0.585163 0.032156 0.053475
2 0.347172 0.583937 0.032156 0.053475
2 0.349453 0.452550 0.032156 0.053450
2 0.270375 0.457425 0.032156 0.053450
2 0.536492 0.663013 0.032141 0.053475
0 0.407797 0.497537 0.310437 0.498475
2 0.496195 0.718975 0.032141 0.053450
2 0.350969 0.699512 0.032156 0.053475
2 0.269617 0.704375 0.032141 0.053450
1 0.270375 0.588812 0.032156 0.053475
1 0.311437 0.405113 0.032156 0.053475
1 0.347172 0.344275 0.032156 0.053450
1 0.382148 0.274938 0.032141 0.053475
1 0.271898 0.330900 0.032141 0.053450
1 0.428531 0.465938 0.032156 0.053475
1 0.427766 0.339412 0.032156 0.053475
1 0.463500 0.268850 0.032156 0.053450
1 0.547898 0.271287 0.032141 0.053475
1 0.505320 0.344275 0.032141 0.053450
1 0.545617 0.400250 0.032141 0.053450
1 0.505320 0.468375 0.032141 0.053450
