2 0.530102 0.437625 0.031922 0.049950
2 0.498172 0.311475 0.031937 0.049950
1 0.392594 0.256250 0.031938 0.049950
2 0.369781 0.662850 0.031937 0.049950
2 0.418008 0.515825 0.031922 0.049950
1 0.375219 0.157200 0.031938 0.049950
1 0.471344 0.161550 0.031937 0.049950
1 0.295930 0.315337 0.031922 0.049925
1 0.275836 0.460450 0.031922 0.049950
1 0.489813 0.451750 0.031937 0.049950
1 0.603313 0.391800 0.031937 0.049950
1 0.461023 0.478700 0.031922 0.049950
1 0.320906 0.583838 0.031937 0.049925
1 0.468625 0.556025 0.031937 0.049950
1 0.429531 0.634238 0.031937 0.049925
1 0.487094 0.668125 0.031937 0.049950
2 0.518047 0.575150 0.031937 0.049950
2 0.577781 0.605563 0.031937 0.049925
2 0.536516 0.672475 0.031937 0.049950
0 0.446375 0.464200 0.313594 0.505850
2 0.372391 0.504375 0.031937 0.049950
2 0.590703 0.199900 0.031937 0.049950
2 0.369133 0.360475 0.031922 0.049950
2 0.549648 0.184250 0.031922 0.049950
2 0.563336 0.273925 0.031922 0.049950
