1 0.600945 0.471975 0.031172 0.050900
0 0.465687 0.567875 0.313594 0.508250
2 0.523336 0.598700 0.031172 0.050900
2 0.560289 0.661225 0.031172 0.050900
2 0.601477 0.727113 0.031172 0.050925
2 0.562398 0.797237 0.031172 0.050925
2 0.524914 0.727113 0.031172 0.050925
2 0.484789 0.787100 0.031172 0.050900
2 0.447297 0.725425 0.031156 0.050900
2 0.405055 0.793013 0.031172 0.050925
2 0.370734 0.729650 0.031156 0.050900
2 0.325852 0.793013 0.031172 0.050925
2 0.444656 0.602075 0.031156 0.050900
2 0.323211 0.546325 0.031172 0.050900
1 0.401883 0.543787 0.031172 0.050925
1 0.481617 0.542950 0.031172 0.050900
1 0.558711 0.540400 0.031172 0.050900
1 0.562398 0.411150 0.031172 0.050900
1 0.600422 0.341875 0.031156 0.050900
1 0.519633 0.341875 0.031172 0.050900
1 0.479508 0.413687 0.031172 0.050925
1 0.404000 0.409463 0.031156 0.050925
1 0.443602 0.341875 0.031172 0.050900
1 0.361227 0.350325 0.031172 0.050900
1 0.324805 0.417900 0.031172 0.050900
