1 0.384422 0.322412 0.032156 0.053475
1 0.381891 0.446100 0.032156 0.053450
1 0.345141 0.388312 0.032156 0.053475
1 0.423711 0.386275 0.032141 0.053450
1 0.461094 0.448125 0.032156 0.053450
1 0.498477 0.389325 0.032141 0.053450
1 0.464258 0.318350 0.032141 0.053450
1 0.540930 0.324437 0.032141 0.053475
1 0.580844 0.389325 0.032156 0.053450
1 0.619500 0.319375 0.032156 0.053450
1 0.620133 0.454200 0.032141 0.053450
2 0.570078 0.770500 0.032156 0.053450
2 0.494039 0.756312 0.032141 0.053475
2 0.418641 0.759350 0.032156 0.053450
2 0.341969 0.748200 0.032156 0.053450
2 0.377453 0.696500 0.032156 0.053450
2 0.457289 0.698525 0.032141 0.053450
2 0.534594 0.703600 0.032156 0.053450
2 0.340070 0.631612 0.032141 0.053475
2 0.414203 0.630600 0.032156 0.053450
2 0.495937 0.636688 0.032156 0.053475
2 0.615062 0.701575 0.032156 0.053450
2 0.574508 0.642775 0.032141 0.053450
0 0.481094 0.540738 0.313594 0.505875
