2 0.533453 0.512163 0.032156 0.053475
1 0.665750 0.328462 0.032156 0.053475
1 0.620891 0.265200 0.032156 0.053450
1 0.588195 0.316300 0.032141 0.053450
1 0.503039 0.332112 0.032141 0.053475
1 0.463500 0.384425 0.032156 0.053450
1 0.500758 0.453775 0.032141 0.053450
0 0.563695 0.487025 0.313578 0.499900
1 0.620133 0.397813 0.032141 0.053475
1 0.585156 0.469587 0.032156 0.053475
1 0.702250 0.524325 0.032156 0.053450
1 0.666516 0.453775 0.032156 0.053450
1 0.855078 0.541363 0.032156 0.053475
1 0.806414 0.448900 0.032141 0.053450
2 0.422445 0.559612 0.032141 0.053475
2 0.461227 0.508513 0.032141 0.053475
2 0.498477 0.573000 0.032141 0.053450
2 0.503805 0.695863 0.032141 0.053475
2 0.578313 0.708025 0.032156 0.053450
2 0.654352 0.716550 0.032141 0.053450
2 0.656633 0.581513 0.032141 0.053475
2 0.776766 0.512163 0.032156 0.053475
2 0.807180 0.360100 0.032141 0.053450
2 0.814781 0.318725 0.032156 0.053450
2 0.836828 0.287100 0.032156 0.053450
