1 0.758414 0.433787 0.031172 0.050925
1 0.722508 0.457450 0.031172 0.050900
1 0.719867 0.505600 0.031172 0.050900
1 0.753664 0.516575 0.031172 0.050900
1 0.748914 0.563050 0.031172 0.050900
1 0.762109 0.611200 0.031156 0.050900
1 0.731484 0.622188 0.031156 0.050925
1 0.699273 0.661050 0.031172 0.050900
2 0.652805 0.612050 0.031172 0.050900
2 0.668648 0.570650 0.031172 0.050900
2 0.698742 0.591775 0.031172 0.050900
2 0.719336 0.556287 0.031172 0.050925
2 0.689242 0.530100 0.031172 0.050900
2 0.692945 0.478563 0.031172 0.050925
2 0.483852 0.493775 0.031172 0.050900
2 0.605820 0.690612 0.031172 0.050925
2 0.488602 0.756513 0.031172 0.050925
2 0.406227 0.750600 0.031172 0.050900
2 0.329664 0.750600 0.031172 0.050900
2 0.332836 0.626413 0.031172 0.050925
1 0.689773 0.387325 0.031172 0.050900
1 0.727789 0.315512 0.031172 0.050925
1 0.702445 0.345925 0.031172 0.050900
1 0.718812 0.414350 0.031156 0.050900
0 0.468750 0.535800 0.313594 0.505850
