2 0.422445 0.714112 0.032141 0.053475
2 0.494680 0.720200 0.032141 0.053450
2 0.614047 0.524325 0.032156 0.053450
2 0.500758 0.592450 0.032141 0.053450
2 0.379867 0.525550 0.032141 0.053450
2 0.311437 0.523112 0.032156 0.053475
2 0.271133 0.575425 0.032141 0.053450
2 0.344891 0.587588 0.032156 0.053475
1 0.544102 0.536500 0.032141 0.053450
1 0.507602 0.469587 0.032141 0.053475
1 0.465023 0.411187 0.032141 0.053475
2 0.350969 0.703162 0.032156 0.053475
1 0.433094 0.330900 0.032156 0.053450
1 0.464266 0.272500 0.032156 0.053450
1 0.641422 0.462288 0.032156 0.053475
1 0.689328 0.552312 0.032156 0.053475
1 0.427766 0.479325 0.032156 0.053450
1 0.350211 0.465938 0.032141 0.053475
0 0.408563 0.500000 0.310438 0.498500
1 0.312953 0.397813 0.032156 0.053475
1 0.349453 0.345500 0.032156 0.053450
2 0.644461 0.373475 0.032141 0.053450
2 0.652070 0.330900 0.032141 0.053450
2 0.673359 0.298050 0.032156 0.053450
