1 0.939922 0.309713 0.032156 0.053475
2 0.653430 0.705337 0.032141 0.053475
2 0.735547 0.714100 0.032156 0.053450
2 0.699047 0.638188 0.032156 0.053475
2 0.584086 0.581250 0.032141 0.053450
2 0.695398 0.527237 0.032141 0.053475
2 0.741930 0.451325 0.032141 0.053450
2 0.619672 0.379788 0.032156 0.053475
2 0.543023 0.260087 0.032141 0.053475
2 0.626055 0.260087 0.032141 0.053475
1 0.536641 0.518475 0.032156 0.053450
1 0.501969 0.445487 0.032156 0.053475
1 0.855984 0.359350 0.032156 0.053450
1 0.960906 0.492200 0.032156 0.053450
1 0.949047 0.353513 0.032156 0.053475
1 0.968211 0.302425 0.032141 0.053450
1 0.953609 0.264462 0.032156 0.053475
1 0.581344 0.330150 0.032156 0.053450
1 0.543023 0.306800 0.032141 0.053450
0 0.640820 0.488888 0.316672 0.498475
