2 0.270375 0.459850 0.032156 0.053450
2 0.347172 0.454987 0.032156 0.053475
1 0.507602 0.340625 0.032141 0.053450
1 0.541820 0.402675 0.032141 0.053450
1 0.546383 0.278587 0.032141 0.053475
2 0.460461 0.520675 0.032141 0.053450
0 0.407797 0.496287 0.310437 0.498475
1 0.462742 0.273725 0.032141 0.053450
1 0.427008 0.340625 0.032141 0.053450
1 0.376828 0.270075 0.032156 0.053450
2 0.542578 0.531625 0.032156 0.053450
2 0.500758 0.588812 0.032141 0.053475
2 0.387469 0.647200 0.032156 0.053450
2 0.309156 0.644775 0.032156 0.053450
2 0.268094 0.705600 0.032156 0.053450
2 0.349453 0.698300 0.032156 0.053450
2 0.421687 0.714112 0.032156 0.053475
2 0.496195 0.720200 0.032141 0.053450
2 0.538016 0.664238 0.032156 0.053475
1 0.503039 0.469587 0.032141 0.053475
1 0.427008 0.464725 0.032141 0.053450
1 0.347930 0.340625 0.032141 0.053450
1 0.312953 0.399025 0.032156 0.053450
1 0.271898 0.332112 0.032141 0.053475
1 0.270375 0.583937 0.032156 0.053475
