2 0.426242 0.658150 0.031172 0.050900
2 0.468070 0.717763 0.031172 0.050925
2 0.547898 0.721413 0.031172 0.050925
2 0.506836 0.652075 0.031172 0.050900
2 0.504562 0.532850 0.031156 0.050900
1 0.661195 0.267638 0.031172 0.050925
1 0.661195 0.400250 0.031172 0.050900
1 0.623180 0.340625 0.031172 0.050900
0 0.522766 0.500000 0.313594 0.505850
2 0.582117 0.656937 0.031172 0.050925
1 0.579070 0.271288 0.031172 0.050925
1 0.498477 0.270075 0.031172 0.050900
1 0.420930 0.278587 0.031172 0.050925
1 0.379867 0.354012 0.031172 0.050925
1 0.464258 0.344275 0.031172 0.050900
1 0.538773 0.341850 0.031172 0.050900
1 0.582875 0.399025 0.031156 0.050900
1 0.464258 0.465938 0.031172 0.050925
1 0.386711 0.467150 0.031172 0.050900
2 0.383664 0.723850 0.031172 0.050900
2 0.586680 0.523112 0.031172 0.050925
2 0.621648 0.590025 0.031172 0.050900
2 0.663477 0.660587 0.031172 0.050925
2 0.623180 0.717763 0.031172 0.050925
2 0.384430 0.598537 0.031172 0.050925
