1 0.653586 0.434300 0.032141 0.053450
2 0.694648 0.574213 0.032141 0.053475
2 0.663469 0.624088 0.032156 0.053475
2 0.692367 0.660587 0.032141 0.053475
2 0.626977 0.626525 0.032141 0.053450
2 0.704531 0.742100 0.032156 0.053450
2 0.658914 0.721413 0.032141 0.053475
2 0.626219 0.710462 0.032156 0.053475
2 0.526609 0.664238 0.032156 0.053475
2 0.484031 0.600975 0.032156 0.053450
2 0.390508 0.720200 0.032141 0.053450
2 0.515969 0.806575 0.032156 0.053450
2 0.439930 0.799275 0.032141 0.053450
1 0.357055 0.658150 0.032141 0.053450
1 0.366938 0.541363 0.032156 0.053475
1 0.402680 0.480538 0.032141 0.053475
1 0.484797 0.482975 0.032156 0.053450
0 0.427078 0.581488 0.310438 0.498475
1 0.524328 0.424575 0.032156 0.053450
1 0.490117 0.360100 0.032141 0.053450
1 0.684000 0.352800 0.032156 0.053450
1 0.716695 0.440387 0.032141 0.053475
1 0.743313 0.486625 0.032156 0.053450
1 0.657391 0.517025 0.032156 0.053450
