2 0.731586 0.723725 0.032141 0.053450
1 0.503484 0.383100 0.032156 0.053450
1 0.463570 0.448987 0.032141 0.053475
1 0.341914 0.632487 0.032141 0.053475
0 0.488039 0.539500 0.313609 0.505850
2 0.740461 0.441900 0.032141 0.053450
2 0.827266 0.641612 0.032156 0.053475
2 0.795586 0.664925 0.032141 0.053450
2 0.781008 0.728800 0.032141 0.053450
2 0.720180 0.770362 0.032141 0.053475
2 0.623875 0.695350 0.032156 0.053450
2 0.585852 0.755150 0.032141 0.053450
2 0.540867 0.699400 0.032141 0.053450
2 0.502852 0.755150 0.032141 0.053450
2 0.427453 0.756175 0.032156 0.053450
2 0.351414 0.757188 0.032141 0.053475
1 0.722086 0.379038 0.032141 0.053475
1 0.765172 0.471300 0.032156 0.053450
1 0.545937 0.567600 0.032156 0.053450
1 0.425547 0.634513 0.032156 0.053475
1 0.350781 0.576725 0.032156 0.053450
