1 0.489359 0.357662 0.032156 0.053475
1 0.485555 0.486625 0.032141 0.053450
1 0.522813 0.547450 0.032156 0.053450
1 0.404961 0.481750 0.032141 0.053450
1 0.331203 0.354013 0.032156 0.053475
1 0.369219 0.546225 0.032156 0.053450
1 0.283305 0.546225 0.032141 0.053450
1 0.365422 0.666675 0.032156 0.053450
2 0.287102 0.785888 0.032141 0.053475
2 0.363141 0.793187 0.032156 0.053475
2 0.439930 0.789538 0.032141 0.053475
2 0.516727 0.804137 0.032141 0.053475
2 0.525094 0.665450 0.032156 0.053450
0 0.424766 0.580238 0.310438 0.498475
1 0.525094 0.422138 0.032156 0.053475
2 0.483273 0.726275 0.032141 0.053450
2 0.636102 0.711675 0.032141 0.053450
2 0.626977 0.625300 0.032141 0.053450
1 0.684000 0.354013 0.032156 0.053475
2 0.692367 0.655725 0.032141 0.053450
2 0.662711 0.628950 0.032141 0.053450
2 0.693125 0.575425 0.032156 0.053450
1 0.657391 0.515813 0.032156 0.053475
2 0.485555 0.603400 0.032141 0.053450
1 0.654352 0.435525 0.032141 0.053450
