2 0.326383 0.759212 0.031172 0.050925
1 0.606758 0.440725 0.031172 0.050900
1 0.567156 0.380738 0.031156 0.050925
1 0.606758 0.310613 0.031172 0.050925
1 0.525445 0.308925 0.031172 0.050900
1 0.483203 0.379050 0.031156 0.050900
1 0.447820 0.305550 0.031172 0.050900
1 0.365984 0.311463 0.031156 0.050925
1 0.326914 0.384113 0.031172 0.050925
1 0.408227 0.375662 0.031172 0.050925
1 0.444656 0.438188 0.031156 0.050925
1 0.372852 0.448325 0.031172 0.050900
1 0.535477 0.447475 0.031172 0.050900
2 0.563992 0.624887 0.031172 0.050925
2 0.485844 0.625738 0.031156 0.050925
2 0.407164 0.624887 0.031172 0.050925
2 0.324273 0.624050 0.031172 0.050900
2 0.373898 0.696700 0.031172 0.050900
2 0.448883 0.693325 0.031172 0.050900
2 0.527023 0.696700 0.031172 0.050900
2 0.605172 0.695850 0.031156 0.050900
0 0.469516 0.534575 0.313594 0.505850
2 0.563992 0.766825 0.031172 0.050900
2 0.489008 0.759212 0.031172 0.050925
2 0.406641 0.759212 0.031156 0.050925
