1 0.670125 0.256375 0.032156 0.053450
1 0.701805 0.266512 0.032141 0.053475
1 0.734125 0.255363 0.032156 0.053475
1 0.732219 0.193525 0.032156 0.053450
1 0.701805 0.161075 0.032141 0.053450
1 0.766437 0.272600 0.032156 0.053450
1 0.799383 0.279687 0.032141 0.053475
2 0.689133 0.616262 0.032141 0.053475
2 0.732219 0.627425 0.032156 0.053450
2 0.749961 0.567600 0.032141 0.053450
2 0.857047 0.580788 0.032156 0.053475
2 0.842469 0.527050 0.032156 0.053450
2 0.796852 0.507800 0.032141 0.053450
2 0.735391 0.438850 0.032156 0.053450
1 0.711313 0.505763 0.032156 0.053475
0 0.485734 0.538275 0.313594 0.505850
2 0.720180 0.768337 0.032141 0.053475
1 0.765805 0.472313 0.032141 0.053475
1 0.727789 0.305038 0.032141 0.053475
1 0.757563 0.356737 0.032156 0.053475
1 0.818391 0.238125 0.032156 0.053450
2 0.748695 0.694325 0.032141 0.053450
2 0.779109 0.717650 0.032156 0.053450
2 0.824727 0.646675 0.032141 0.053450
2 0.778477 0.633500 0.032141 0.053450
