1 0.584648 0.334575 0.032141 0.053450
1 0.506078 0.332550 0.032156 0.053450
1 0.431312 0.327475 0.032156 0.053450
1 0.386328 0.259562 0.032156 0.053475
1 0.388227 0.393375 0.032141 0.053450
1 0.348945 0.327475 0.032141 0.053450
1 0.622031 0.401487 0.032156 0.053475
1 0.506078 0.455225 0.032156 0.053450
1 0.552969 0.500837 0.032156 0.053475
2 0.412937 0.463325 0.032156 0.053450
2 0.614430 0.521112 0.032141 0.053475
2 0.580844 0.597150 0.032156 0.053450
2 0.615062 0.644800 0.032156 0.053450
1 0.544094 0.267675 0.032156 0.053450
2 0.425609 0.573825 0.032156 0.053450
1 0.468062 0.261587 0.032156 0.053475
2 0.575141 0.716775 0.032156 0.053450
2 0.492773 0.712725 0.032141 0.053450
2 0.384422 0.636688 0.032156 0.053475
0 0.484953 0.487650 0.313594 0.505850
2 0.462992 0.645813 0.032141 0.053475
2 0.348313 0.580925 0.032156 0.053450
2 0.341969 0.700550 0.032156 0.053450
2 0.416742 0.707650 0.032141 0.053450
1 0.624563 0.275775 0.032156 0.053450
