1 0.620766 0.401487 0.032156 0.053475
2 0.424977 0.451163 0.032141 0.053475
2 0.580844 0.453188 0.032156 0.053475
2 0.578945 0.581937 0.032141 0.053475
2 0.495305 0.584987 0.032141 0.053475
2 0.756992 0.459275 0.032141 0.053450
2 0.616328 0.645813 0.032156 0.053475
2 0.574508 0.713738 0.032141 0.053475
2 0.468695 0.648850 0.032141 0.053450
2 0.419273 0.706637 0.032141 0.053475
2 0.385055 0.636688 0.032141 0.053475
2 0.348945 0.574850 0.032141 0.053450
2 0.341336 0.702587 0.032141 0.053475
1 0.546000 0.529225 0.032156 0.053450
1 0.501008 0.460288 0.032141 0.053475
1 0.625836 0.275775 0.032141 0.053450
1 0.541563 0.265637 0.032156 0.053475
1 0.468695 0.266650 0.032141 0.053450
1 0.386961 0.259562 0.032141 0.053475
1 0.428781 0.329513 0.032156 0.053475
1 0.350211 0.325450 0.032141 0.053450
1 0.347672 0.454200 0.032156 0.053450
1 0.732281 0.515025 0.032156 0.053450
1 0.422438 0.576875 0.032156 0.053450
0 0.483406 0.491350 0.313594 0.505850
