1 0.423539 0.278512 0.031172 0.050925
1 0.582469 0.415375 0.031156 0.050900
1 0.542867 0.357925 0.031172 0.050900
1 0.583523 0.286112 0.031172 0.050925
1 0.504320 0.286963 0.031172 0.050925
1 0.460492 0.352850 0.031172 0.050900
1 0.499039 0.416225 0.031172 0.050900
1 0.425648 0.417062 0.031172 0.050925
0 0.444062 0.507400 0.313594 0.505850
1 0.384992 0.345250 0.031172 0.050900
1 0.343273 0.282737 0.031172 0.050925
1 0.305789 0.351175 0.031172 0.050900
1 0.344336 0.420450 0.031172 0.050900
2 0.537055 0.608838 0.031172 0.050925
2 0.576133 0.675575 0.031172 0.050900
2 0.536531 0.739788 0.031156 0.050925
2 0.499570 0.670512 0.031172 0.050925
2 0.459445 0.603775 0.031172 0.050900
2 0.461555 0.731338 0.031172 0.050925
2 0.420898 0.667125 0.031172 0.050900
2 0.383930 0.597013 0.031172 0.050925
2 0.346445 0.665450 0.031172 0.050900
2 0.378656 0.728800 0.031156 0.050900
2 0.298930 0.724575 0.031172 0.050900
2 0.307898 0.608000 0.031172 0.050900
