0 0.524312 0.567900 0.313594 0.505850
2 0.664234 0.722625 0.031156 0.050900
2 0.623180 0.659375 0.031172 0.050900
2 0.385945 0.794400 0.031172 0.050900
2 0.392031 0.675175 0.031156 0.050900
1 0.661953 0.465938 0.031156 0.050925
1 0.620898 0.407537 0.031172 0.050925
1 0.658914 0.339412 0.031172 0.050925
1 0.579070 0.343062 0.031172 0.050925
1 0.538016 0.413625 0.031156 0.050900
1 0.578320 0.470800 0.031172 0.050900
1 0.503805 0.476887 0.031172 0.050925
2 0.541820 0.660587 0.031172 0.050925
1 0.424727 0.485400 0.031172 0.050900
1 0.460461 0.409975 0.031172 0.050900
1 0.417883 0.351575 0.031172 0.050900
1 0.498477 0.341850 0.031172 0.050900
1 0.382906 0.418488 0.031156 0.050925
2 0.465023 0.659375 0.031172 0.050900
2 0.584398 0.726275 0.031172 0.050900
2 0.623180 0.791975 0.031172 0.050900
2 0.547898 0.787100 0.031172 0.050900
2 0.506836 0.725062 0.031172 0.050925
2 0.432328 0.728712 0.031156 0.050925
2 0.465023 0.790750 0.031172 0.050900
