2 0.551703 0.727500 0.031156 0.050900
2 0.352492 0.794400 0.031172 0.050900
2 0.358570 0.676400 0.031172 0.050900
2 0.397352 0.732363 0.031172 0.050925
2 0.425492 0.799275 0.031172 0.050900
2 0.432328 0.656937 0.031156 0.050925
2 0.473383 0.726275 0.031172 0.050900
2 0.513680 0.791975 0.031172 0.050900
2 0.588195 0.796838 0.031172 0.050925
2 0.508367 0.659375 0.031172 0.050900
2 0.585914 0.661800 0.031172 0.050900
2 0.630016 0.727500 0.031156 0.050900
1 0.389750 0.481750 0.031156 0.050900
1 0.349453 0.419700 0.031156 0.050900
1 0.387469 0.349150 0.031156 0.050900
1 0.430047 0.409975 0.031156 0.050900
1 0.626211 0.340625 0.031172 0.050900
1 0.587438 0.406325 0.031156 0.050900
1 0.627742 0.468375 0.031172 0.050900
1 0.546383 0.341850 0.031172 0.050900
1 0.466539 0.339412 0.031172 0.050925
1 0.506086 0.414838 0.031172 0.050925
1 0.544102 0.474450 0.031172 0.050900
0 0.491898 0.566675 0.313609 0.505850
1 0.468820 0.476887 0.031172 0.050925
