1 0.379102 0.347925 0.031172 0.050900
0 0.523547 0.496925 0.313594 0.507150
2 0.617086 0.464725 0.031172 0.050900
2 0.813258 0.419712 0.031172 0.050925
2 0.620898 0.591237 0.031172 0.050925
2 0.662711 0.658150 0.031172 0.050900
2 0.623180 0.718975 0.031172 0.050900
2 0.581352 0.655725 0.031172 0.050900
2 0.546383 0.721413 0.031172 0.050925
2 0.507602 0.655725 0.031172 0.050900
2 0.468070 0.718975 0.031172 0.050900
2 0.427766 0.660587 0.031156 0.050925
2 0.383664 0.600975 0.031172 0.050900
2 0.384430 0.727500 0.031172 0.050900
1 0.548664 0.594888 0.031172 0.050925
1 0.661195 0.400250 0.031172 0.050900
1 0.622414 0.339412 0.031172 0.050925
1 0.660430 0.267638 0.031172 0.050925
1 0.581352 0.270075 0.031172 0.050900
1 0.583633 0.395375 0.031172 0.050900
1 0.539539 0.341850 0.031172 0.050900
1 0.500758 0.271288 0.031172 0.050925
1 0.465789 0.339412 0.031172 0.050925
1 0.419398 0.278587 0.031172 0.050925
1 0.387469 0.470800 0.031156 0.050900
