1 0.715938 0.439175 0.032156 0.053450
1 0.359336 0.420925 0.032141 0.053450
1 0.487078 0.361313 0.032156 0.053475
1 0.563867 0.482975 0.032141 0.053450
1 0.403438 0.468375 0.032156 0.053450
1 0.328164 0.472025 0.032141 0.053450
1 0.446016 0.546225 0.032156 0.053450
1 0.657391 0.518250 0.032156 0.053450
1 0.655109 0.436738 0.032156 0.053475
1 0.684766 0.350362 0.032156 0.053475
1 0.742547 0.485400 0.032156 0.053450
1 0.565391 0.751825 0.032156 0.053450
2 0.626219 0.621650 0.032156 0.053450
2 0.695406 0.573000 0.032156 0.053450
2 0.662711 0.624088 0.032141 0.053475
2 0.693125 0.663025 0.032156 0.053450
2 0.703773 0.744525 0.032141 0.053450
2 0.660430 0.718975 0.032141 0.053450
2 0.625453 0.736012 0.032156 0.053475
2 0.484797 0.605837 0.032156 0.053475
2 0.399633 0.604625 0.032141 0.053450
2 0.467305 0.729925 0.032141 0.053450
2 0.392031 0.722625 0.032156 0.053450
2 0.290906 0.412413 0.032156 0.053475
0 0.426313 0.580238 0.310438 0.498475
