2 0.459703 0.745750 0.031156 0.050900
0 0.517359 0.528400 0.313594 0.505850
2 0.375305 0.751825 0.031172 0.050900
1 0.657391 0.304138 0.031156 0.050925
1 0.617852 0.372262 0.031172 0.050925
1 0.576789 0.301700 0.031172 0.050900
1 0.496195 0.305350 0.031172 0.050900
1 0.423211 0.306575 0.031172 0.050900
1 0.459703 0.369825 0.031156 0.050900
1 0.494680 0.434300 0.031172 0.050900
1 0.573758 0.436738 0.031172 0.050925
1 0.617086 0.489050 0.031172 0.050900
1 0.415602 0.435525 0.031172 0.050900
1 0.380625 0.503650 0.031156 0.050900
1 0.495438 0.558400 0.031156 0.050900
2 0.577555 0.568125 0.031172 0.050900
2 0.655867 0.569350 0.031172 0.050900
2 0.615570 0.628950 0.031172 0.050900
2 0.535742 0.622875 0.031172 0.050900
2 0.419398 0.568125 0.031172 0.050900
2 0.379867 0.621650 0.031172 0.050900
2 0.419398 0.687350 0.031172 0.050900
2 0.494680 0.686125 0.031172 0.050900
2 0.615570 0.743300 0.031172 0.050900
2 0.539539 0.751825 0.031172 0.050900
