2 0.743625 0.531112 0.032156 0.053475
0 0.486500 0.538275 0.313594 0.505850
1 0.466102 0.310100 0.032141 0.053450
1 0.616898 0.310100 0.032141 0.053450
1 0.462930 0.570650 0.032141 0.053450
1 0.793680 0.422637 0.032141 0.053475
1 0.812688 0.464200 0.032156 0.053450
1 0.768969 0.442913 0.032156 0.053475
1 0.784813 0.486500 0.032156 0.053450
1 0.805086 0.520975 0.032141 0.053450
1 0.808891 0.597000 0.032156 0.053450
1 0.796219 0.649725 0.032156 0.053450
1 0.763266 0.654800 0.032156 0.053450
1 0.741727 0.740962 0.032141 0.053475
2 0.542766 0.443925 0.032156 0.053450
2 0.383094 0.441900 0.032156 0.053450
2 0.623242 0.565575 0.032141 0.053450
2 0.669492 0.615250 0.032141 0.053450
2 0.699273 0.569638 0.032141 0.053475
2 0.722719 0.487513 0.032156 0.053475
2 0.755664 0.488525 0.032141 0.053450
2 0.774039 0.550375 0.032141 0.053450
2 0.719547 0.608150 0.032156 0.053450
2 0.731586 0.664925 0.032141 0.053450
2 0.693570 0.697375 0.032141 0.053450
