2 0.692992 0.573225 0.032141 0.053450
0 0.425938 0.580300 0.311250 0.505850
2 0.402547 0.606063 0.032156 0.053475
2 0.361484 0.664463 0.032156 0.053475
2 0.283930 0.664463 0.032141 0.053475
2 0.324227 0.730150 0.032141 0.053450
2 0.401781 0.733800 0.032156 0.053450
2 0.438281 0.790975 0.032156 0.053450
2 0.515836 0.801925 0.032141 0.053450
2 0.361484 0.793413 0.032156 0.053475
2 0.287734 0.784900 0.032156 0.053450
1 0.331070 0.354237 0.032141 0.053475
1 0.407867 0.355463 0.032141 0.053475
1 0.487703 0.359112 0.032156 0.053475
1 0.525719 0.419937 0.032156 0.053475
1 0.653461 0.438188 0.032141 0.053475
1 0.657258 0.518475 0.032141 0.053450
1 0.522680 0.551325 0.032141 0.053450
1 0.486180 0.483200 0.032141 0.053450
1 0.403305 0.484412 0.032141 0.053475
1 0.369852 0.546450 0.032141 0.053450
1 0.328789 0.609712 0.032141 0.053475
1 0.283172 0.542813 0.032156 0.053475
2 0.520398 0.672975 0.032141 0.053450
2 0.692992 0.664463 0.032141 0.053475
