1 0.347930 0.615575 0.031172 0.050900
0 0.446375 0.466675 0.313594 0.505850
1 0.306117 0.680050 0.031172 0.050900
1 0.346414 0.487837 0.031172 0.050925
1 0.350977 0.366175 0.031172 0.050900
1 0.421680 0.614350 0.031172 0.050900
1 0.497719 0.508513 0.031156 0.050925
1 0.466539 0.304138 0.031172 0.050925
1 0.544102 0.433088 0.031172 0.050925
1 0.587438 0.251825 0.031156 0.050900
1 0.752430 0.513375 0.031172 0.050900
1 0.777523 0.541363 0.031172 0.050925
1 0.668039 0.418488 0.031172 0.050925
2 0.722023 0.530412 0.031172 0.050925
2 0.751672 0.573000 0.031156 0.050900
2 0.774484 0.480538 0.031156 0.050925
2 0.736461 0.467150 0.031172 0.050900
2 0.750148 0.420925 0.031172 0.050900
2 0.707570 0.430650 0.031172 0.050900
2 0.306867 0.545013 0.031172 0.050925
2 0.386711 0.422137 0.031172 0.050925
2 0.457422 0.686125 0.031156 0.050900
2 0.532695 0.682475 0.031172 0.050900
2 0.503039 0.366175 0.031172 0.050900
2 0.542578 0.563262 0.031156 0.050925
