0 0.640047 0.487662 0.316656 0.498475
1 0.545617 0.262775 0.032141 0.053450
1 0.623172 0.263987 0.032156 0.053475
1 0.705289 0.265200 0.032141 0.053450
1 0.787406 0.267638 0.032156 0.053475
1 0.741789 0.329675 0.032141 0.053450
1 0.664234 0.328462 0.032156 0.053475
1 0.581352 0.326025 0.032141 0.053450
1 0.504562 0.327250 0.032156 0.053450
1 0.544102 0.388075 0.032141 0.053450
1 0.621656 0.390512 0.032156 0.053475
1 0.703773 0.395375 0.032141 0.053450
1 0.740266 0.457425 0.032156 0.053450
2 0.541055 0.519462 0.032141 0.053475
2 0.579836 0.579075 0.032141 0.053450
2 0.661195 0.581513 0.032141 0.053475
2 0.739508 0.590025 0.032141 0.053450
2 0.778281 0.639900 0.032156 0.053450
2 0.696164 0.652075 0.032141 0.053450
2 0.616328 0.645987 0.032156 0.053475
2 0.539539 0.638688 0.032141 0.053475
2 0.497719 0.699512 0.032156 0.053475
2 0.577555 0.703162 0.032141 0.053475
2 0.655109 0.700725 0.032156 0.053450
2 0.736469 0.716550 0.032156 0.053450
