1 0.501523 0.402675 0.031172 0.050900
2 0.422445 0.408762 0.031172 0.050925
2 0.617852 0.463500 0.031172 0.050900
2 0.755477 0.427000 0.031172 0.050900
2 0.799570 0.445250 0.031172 0.050900
2 0.621648 0.588812 0.031172 0.050925
2 0.662711 0.658150 0.031172 0.050900
2 0.621648 0.723850 0.031172 0.050900
2 0.546383 0.721413 0.031172 0.050925
2 0.464258 0.714112 0.031172 0.050925
1 0.661195 0.268850 0.031172 0.050900
1 0.621648 0.339412 0.031172 0.050925
1 0.663477 0.394162 0.031172 0.050925
1 0.581352 0.527975 0.031172 0.050900
1 0.741023 0.497563 0.031172 0.050925
1 0.707570 0.429438 0.031172 0.050925
1 0.779039 0.309000 0.031172 0.050900
0 0.524312 0.497525 0.313594 0.505850
2 0.420930 0.529200 0.031172 0.050900
2 0.389750 0.605838 0.031156 0.050925
1 0.580594 0.273725 0.031156 0.050900
1 0.538773 0.339412 0.031172 0.050925
1 0.498477 0.270075 0.031172 0.050900
1 0.418648 0.276150 0.031172 0.050900
2 0.382148 0.723850 0.031172 0.050900
