2 0.458945 0.748175 0.031172 0.050900
2 0.420164 0.686125 0.031172 0.050900
2 0.420930 0.565700 0.031172 0.050900
2 0.458945 0.624088 0.031172 0.050925
2 0.493156 0.687350 0.031156 0.050900
2 0.539539 0.751825 0.031172 0.050900
2 0.534211 0.624088 0.031172 0.050925
2 0.574508 0.687350 0.031172 0.050900
2 0.615570 0.745750 0.031172 0.050900
2 0.657391 0.682475 0.031156 0.050900
2 0.578320 0.568125 0.031172 0.050900
1 0.379102 0.501213 0.031172 0.050925
0 0.517359 0.527162 0.313594 0.505875
1 0.617086 0.373475 0.031172 0.050900
1 0.534211 0.486613 0.031172 0.050925
1 0.620898 0.492700 0.031172 0.050900
1 0.572992 0.437950 0.031172 0.050900
1 0.378344 0.366175 0.031156 0.050900
1 0.420930 0.306575 0.031172 0.050900
1 0.459703 0.373475 0.031156 0.050900
1 0.495438 0.306575 0.031156 0.050900
2 0.374539 0.750600 0.031172 0.050900
1 0.656633 0.302925 0.031172 0.050900
1 0.533461 0.368613 0.031172 0.050925
1 0.576039 0.302925 0.031172 0.050900
