2 0.426242 0.659375 0.031172 0.050900
1 0.388227 0.469588 0.031172 0.050925
1 0.379867 0.352800 0.031172 0.050900
1 0.420930 0.279800 0.031172 0.050900
2 0.383664 0.599750 0.031172 0.050900
0 0.523055 0.501100 0.317328 0.508400
2 0.664234 0.658150 0.031156 0.050900
2 0.620898 0.591237 0.031172 0.050925
2 0.586680 0.523112 0.031172 0.050925
2 0.623930 0.717763 0.031172 0.050925
2 0.582117 0.654500 0.031172 0.050900
2 0.546383 0.720200 0.031172 0.050900
2 0.506086 0.654500 0.031172 0.050900
2 0.469586 0.596100 0.031172 0.050900
2 0.468070 0.718975 0.031172 0.050900
1 0.463508 0.341850 0.031172 0.050900
1 0.500758 0.273725 0.031172 0.050900
1 0.538773 0.344275 0.031172 0.050900
1 0.503805 0.406325 0.031172 0.050900
1 0.582875 0.400250 0.031156 0.050900
1 0.578320 0.272500 0.031172 0.050900
1 0.622414 0.339412 0.031172 0.050925
1 0.662711 0.401462 0.031172 0.050925
1 0.661195 0.270075 0.031172 0.050900
2 0.383664 0.726275 0.031172 0.050900
