2 0.516594 0.801925 0.032156 0.053450
0 0.426320 0.580212 0.310453 0.498475
1 0.656500 0.518475 0.032156 0.053450
1 0.652695 0.439400 0.032141 0.053450
1 0.685391 0.351812 0.032156 0.053475
1 0.527242 0.424800 0.032141 0.053450
1 0.489227 0.362763 0.032141 0.053475
1 0.331836 0.356675 0.032141 0.053450
1 0.405586 0.480763 0.032141 0.053475
1 0.524203 0.550100 0.032156 0.053450
1 0.484664 0.486850 0.032141 0.053450
1 0.369852 0.550100 0.032141 0.053450
1 0.331070 0.606063 0.032141 0.053475
1 0.283930 0.544025 0.032141 0.053450
2 0.695273 0.574438 0.032141 0.053475
2 0.692234 0.659600 0.032156 0.053450
2 0.635211 0.713125 0.032141 0.053450
2 0.624563 0.624313 0.032156 0.053475
2 0.440563 0.790975 0.032156 0.053450
2 0.402547 0.736237 0.032156 0.053475
2 0.361484 0.668112 0.032156 0.053475
2 0.284695 0.665675 0.032141 0.053450
2 0.324992 0.731375 0.032141 0.053450
2 0.287734 0.787325 0.032156 0.053450
2 0.363766 0.794625 0.032156 0.053450
