2 0.740266 0.587588 0.032156 0.053475
1 0.624695 0.263987 0.032141 0.053475
1 0.544102 0.260337 0.032141 0.053475
1 0.707570 0.263987 0.032141 0.053475
1 0.786648 0.265200 0.032141 0.053450
1 0.784367 0.388075 0.032141 0.053450
1 0.662711 0.327250 0.032141 0.053450
1 0.582117 0.329675 0.032141 0.053450
1 0.543336 0.385650 0.032141 0.053450
1 0.621656 0.389300 0.032156 0.053450
1 0.501523 0.441600 0.032141 0.053450
2 0.580594 0.454987 0.032156 0.053475
1 0.741031 0.458637 0.032156 0.053475
1 0.623938 0.515813 0.032156 0.053475
2 0.543336 0.515813 0.032141 0.053475
2 0.575273 0.574213 0.032141 0.053475
2 0.501523 0.585163 0.032141 0.053475
2 0.657391 0.591237 0.032156 0.053475
2 0.779047 0.517025 0.032156 0.053450
2 0.617094 0.647200 0.032156 0.053450
2 0.698445 0.644775 0.032141 0.053450
2 0.737984 0.711675 0.032156 0.053450
2 0.579836 0.699512 0.032141 0.053475
2 0.498477 0.697075 0.032141 0.053450
0 0.642359 0.488888 0.316656 0.498475
