0 0.525078 0.500025 0.318250 0.505650
1 0.621648 0.339412 0.031172 0.050925
1 0.661953 0.400250 0.031156 0.050900
1 0.579836 0.272500 0.031172 0.050900
1 0.500758 0.268850 0.031172 0.050900
1 0.538016 0.344275 0.031156 0.050900
1 0.541820 0.463500 0.031172 0.050900
1 0.464258 0.340625 0.031172 0.050900
1 0.419398 0.277375 0.031172 0.050900
1 0.380625 0.347925 0.031156 0.050900
1 0.385945 0.468375 0.031172 0.050900
1 0.544102 0.592450 0.031172 0.050900
2 0.619367 0.463500 0.031172 0.050900
2 0.801094 0.446475 0.031156 0.050900
2 0.620898 0.591237 0.031172 0.050925
1 0.661953 0.268850 0.031156 0.050900
2 0.662711 0.655725 0.031172 0.050900
2 0.582117 0.653288 0.031172 0.050925
2 0.622414 0.725062 0.031172 0.050925
2 0.547141 0.721413 0.031156 0.050925
2 0.507602 0.653288 0.031172 0.050925
2 0.468820 0.718975 0.031172 0.050900
2 0.382906 0.726275 0.031156 0.050900
2 0.426242 0.660587 0.031172 0.050925
2 0.422445 0.532850 0.031172 0.050900
