2 0.699273 0.556450 0.032141 0.053450
2 0.717648 0.610187 0.032141 0.053475
2 0.668859 0.614237 0.032156 0.053475
1 0.737922 0.291850 0.032156 0.053450
1 0.784813 0.334437 0.032156 0.053475
1 0.813320 0.349638 0.032141 0.053475
1 0.844375 0.359775 0.032156 0.053450
1 0.821562 0.393238 0.032156 0.053475
1 0.767703 0.424662 0.032156 0.053475
1 0.800016 0.454062 0.032156 0.053475
1 0.791781 0.502725 0.032156 0.053450
1 0.811422 0.600050 0.032156 0.053450
1 0.797484 0.646675 0.032156 0.053450
1 0.765805 0.653775 0.032141 0.053450
1 0.744258 0.745025 0.032141 0.053450
2 0.730953 0.668988 0.032156 0.053475
2 0.545937 0.444937 0.032156 0.053475
0 0.486500 0.533325 0.313594 0.505850
2 0.695469 0.696350 0.032156 0.053450
2 0.717016 0.359775 0.032156 0.053450
2 0.736023 0.401350 0.032141 0.053450
2 0.730953 0.453050 0.032156 0.053450
2 0.702438 0.469275 0.032156 0.053450
2 0.725250 0.500700 0.032156 0.053450
2 0.758836 0.546312 0.032141 0.053475
