1 0.701492 0.266425 0.032141 0.053450
0 0.641594 0.487662 0.316656 0.498475
2 0.626977 0.399025 0.032141 0.053450
2 0.584398 0.450125 0.032141 0.053450
2 0.621656 0.523112 0.032156 0.053475
2 0.697688 0.520675 0.032156 0.053450
2 0.784367 0.529200 0.032141 0.053450
2 0.652828 0.582725 0.032156 0.053450
2 0.779047 0.642338 0.032156 0.053475
2 0.616328 0.645987 0.032156 0.053475
2 0.657391 0.695863 0.032156 0.053475
2 0.738742 0.715325 0.032141 0.053450
1 0.665750 0.328462 0.032156 0.053475
2 0.540297 0.637475 0.032156 0.053450
2 0.502281 0.579075 0.032156 0.053450
1 0.746352 0.463500 0.032141 0.053450
1 0.737984 0.588812 0.032156 0.053475
1 0.540297 0.517025 0.032156 0.053450
1 0.543336 0.388075 0.032141 0.053450
1 0.585156 0.334550 0.032156 0.053450
1 0.625453 0.267638 0.032156 0.053475
1 0.542578 0.265200 0.032156 0.053450
1 0.790453 0.259125 0.032156 0.053450
1 0.505320 0.322388 0.032141 0.053475
1 0.742547 0.333325 0.032156 0.053450
