2 0.732016 0.667800 0.032156 0.053450
0 0.488031 0.535800 0.313594 0.505850
1 0.811211 0.594300 0.032141 0.053450
1 0.797484 0.650900 0.032156 0.053450
1 0.744156 0.742150 0.032156 0.053450
1 0.764750 0.654288 0.032156 0.053475
1 0.791680 0.501375 0.032141 0.053450
1 0.799602 0.452375 0.032141 0.053450
1 0.816492 0.395775 0.032141 0.053450
1 0.843953 0.364513 0.032156 0.053475
1 0.786930 0.356912 0.032141 0.053475
1 0.752602 0.307913 0.032141 0.053475
1 0.734125 0.349300 0.032156 0.053450
1 0.766859 0.427025 0.032156 0.053450
2 0.760523 0.547000 0.032141 0.053450
2 0.727258 0.498000 0.032141 0.053450
2 0.730430 0.454062 0.032141 0.053475
2 0.718281 0.387325 0.032156 0.053450
2 0.700328 0.351000 0.032156 0.053450
2 0.701391 0.470962 0.032156 0.053475
2 0.699805 0.554600 0.032141 0.053450
2 0.718812 0.610350 0.032156 0.053450
2 0.696109 0.694837 0.032156 0.053475
2 0.669703 0.616275 0.032156 0.053450
2 0.583641 0.753975 0.032156 0.053450
