1 0.622031 0.400475 0.032156 0.053450
0 0.485727 0.490125 0.313609 0.505850
2 0.343242 0.697512 0.032141 0.053475
2 0.418641 0.708663 0.032156 0.053475
2 0.383156 0.635675 0.032156 0.053450
2 0.348945 0.578900 0.032141 0.053450
2 0.424977 0.575862 0.032141 0.053475
2 0.463625 0.640738 0.032156 0.053475
2 0.538391 0.647837 0.032156 0.053475
2 0.575141 0.716775 0.032156 0.053450
2 0.616328 0.645813 0.032156 0.053475
2 0.615062 0.519087 0.032156 0.053475
2 0.411672 0.464350 0.032156 0.053450
1 0.552336 0.502862 0.032141 0.053475
1 0.625836 0.271725 0.032141 0.053450
1 0.584648 0.335588 0.032141 0.053475
1 0.544094 0.267675 0.032156 0.053450
1 0.469328 0.263612 0.032156 0.053475
1 0.388227 0.257525 0.032141 0.053450
1 0.430047 0.331538 0.032156 0.053475
1 0.507344 0.335588 0.032156 0.053475
1 0.348313 0.325450 0.032156 0.053450
1 0.390125 0.390338 0.032156 0.053475
1 0.506711 0.456238 0.032141 0.053475
