1 0.350781 0.572675 0.032156 0.053450
1 0.721453 0.381075 0.032156 0.053450
1 0.704977 0.206700 0.032141 0.053450
1 0.763906 0.475350 0.032156 0.053450
1 0.645414 0.495625 0.032141 0.053450
1 0.630844 0.428713 0.032156 0.053475
1 0.504750 0.379038 0.032156 0.053475
1 0.545937 0.569638 0.032156 0.053475
1 0.621336 0.561525 0.032141 0.053450
1 0.461664 0.448987 0.032141 0.053475
1 0.424914 0.634513 0.032141 0.053475
1 0.342547 0.631475 0.032156 0.053450
2 0.826633 0.642625 0.032141 0.053450
2 0.793680 0.666962 0.032141 0.053475
2 0.781008 0.730825 0.032141 0.053450
2 0.730320 0.721700 0.032141 0.053450
2 0.720180 0.767325 0.032141 0.053450
2 0.627039 0.696350 0.032141 0.053450
2 0.540234 0.698388 0.032156 0.053475
2 0.586492 0.756175 0.032141 0.053450
2 0.502219 0.755150 0.032156 0.053450
2 0.426820 0.757188 0.032141 0.053475
2 0.352047 0.754150 0.032156 0.053450
2 0.742992 0.441900 0.032141 0.053450
0 0.488039 0.535800 0.313609 0.505850
