2 0.616961 0.648850 0.032141 0.053450
1 0.349578 0.329500 0.032156 0.053450
1 0.388227 0.389325 0.032141 0.053450
1 0.428781 0.327475 0.032156 0.053450
1 0.386961 0.255500 0.032141 0.053450
1 0.468695 0.261587 0.032141 0.053475
1 0.625203 0.274763 0.032156 0.053475
1 0.547266 0.268675 0.032156 0.053450
1 0.507344 0.335588 0.032156 0.053475
1 0.459828 0.523138 0.032156 0.053475
1 0.544094 0.533275 0.032156 0.053450
1 0.734180 0.516050 0.032141 0.053450
1 0.620133 0.404525 0.032141 0.053450
2 0.342609 0.698525 0.032156 0.053450
2 0.347039 0.578900 0.032141 0.053450
0 0.485727 0.487650 0.313609 0.505850
2 0.383789 0.635675 0.032141 0.053450
2 0.423711 0.582950 0.032141 0.053450
2 0.419273 0.707650 0.032141 0.053450
2 0.493406 0.712725 0.032156 0.053450
2 0.528891 0.647837 0.032156 0.053475
2 0.411039 0.464350 0.032141 0.053450
2 0.503547 0.573825 0.032156 0.053450
2 0.617594 0.524150 0.032156 0.053450
2 0.756992 0.460288 0.032141 0.053475
