2 0.626969 0.258625 0.032156 0.053450
0 0.640047 0.490113 0.316656 0.498475
2 0.620578 0.376875 0.032156 0.053450
2 0.743758 0.451325 0.032141 0.053450
2 0.694484 0.527237 0.032156 0.053475
2 0.699047 0.639650 0.032156 0.053450
2 0.735547 0.714100 0.032156 0.053450
2 0.653430 0.700962 0.032141 0.053475
2 0.585906 0.582712 0.032156 0.053475
2 0.906164 0.315550 0.032141 0.053450
2 0.906164 0.575413 0.032141 0.053475
2 0.876969 0.553512 0.032156 0.053475
1 0.855070 0.354975 0.032141 0.053450
1 0.947227 0.354975 0.032141 0.053450
1 0.939016 0.306800 0.032156 0.053450
1 0.954523 0.265925 0.032141 0.053450
1 0.970031 0.300963 0.032156 0.053475
1 0.958172 0.489275 0.032156 0.053450
1 0.789375 0.404612 0.032156 0.053475
1 0.581344 0.331613 0.032156 0.053475
1 0.544852 0.306800 0.032141 0.053450
2 0.543937 0.258625 0.032156 0.053450
1 0.501055 0.442563 0.032141 0.053475
1 0.541203 0.519937 0.032156 0.053475
