1 0.639898 0.429438 0.032141 0.053475
1 0.725820 0.394163 0.032141 0.053475
1 0.699969 0.351575 0.032156 0.053450
1 0.634578 0.347925 0.032156 0.053450
1 0.666516 0.263987 0.032156 0.053475
1 0.425484 0.467150 0.032156 0.053450
2 0.673359 0.573000 0.032156 0.053450
1 0.465781 0.379562 0.032156 0.053475
2 0.372266 0.641125 0.032156 0.053450
1 0.543336 0.394163 0.032141 0.053475
1 0.339570 0.336975 0.032141 0.053450
1 0.306875 0.386862 0.032156 0.053475
1 0.308391 0.521900 0.032156 0.053450
1 0.543336 0.663025 0.032141 0.053450
0 0.406250 0.493838 0.310437 0.498475
2 0.607969 0.535275 0.032156 0.053450
2 0.350969 0.456200 0.032156 0.053450
2 0.639898 0.636250 0.032141 0.053450
2 0.645984 0.538925 0.032156 0.053450
2 0.607211 0.650850 0.032141 0.053450
2 0.451336 0.645987 0.032141 0.053475
2 0.503805 0.457425 0.032141 0.053450
2 0.684000 0.658150 0.032156 0.053450
2 0.271133 0.459850 0.032141 0.053450
2 0.675641 0.487837 0.032156 0.053475
