2 0.523336 0.702613 0.031172 0.050925
1 0.560820 0.385800 0.031172 0.050900
1 0.599898 0.314837 0.031172 0.050925
1 0.520164 0.318225 0.031172 0.050900
1 0.474758 0.388338 0.031172 0.050925
1 0.439383 0.449175 0.031172 0.050900
1 0.367039 0.460150 0.031172 0.050900
1 0.402945 0.383275 0.031172 0.050900
2 0.481086 0.635875 0.031172 0.050900
1 0.438852 0.318225 0.031172 0.050900
1 0.360180 0.324975 0.031172 0.050900
1 0.323211 0.391725 0.031172 0.050900
2 0.369680 0.703462 0.031172 0.050925
2 0.443602 0.700925 0.031172 0.050900
2 0.486898 0.766825 0.031172 0.050900
2 0.560820 0.770200 0.031172 0.050900
1 0.599898 0.444950 0.031172 0.050900
2 0.600422 0.700075 0.031156 0.050900
2 0.558711 0.636725 0.031172 0.050900
0 0.464117 0.544450 0.313609 0.505850
2 0.401883 0.638413 0.031172 0.050925
2 0.318461 0.634175 0.031172 0.050900
2 0.403477 0.768512 0.031172 0.050925
2 0.323742 0.766825 0.031172 0.050900
1 0.531773 0.453387 0.031172 0.050925
