1 0.389008 0.324250 0.031922 0.049950
0 0.491523 0.529637 0.314141 0.515825
1 0.468516 0.310700 0.031937 0.049950
1 0.561703 0.305487 0.031937 0.049925
1 0.630781 0.301313 0.031937 0.049925
1 0.590383 0.371175 0.031922 0.049950
1 0.506969 0.373262 0.031937 0.049925
1 0.472422 0.438950 0.031937 0.049950
1 0.432672 0.375350 0.031937 0.049950
1 0.390969 0.437900 0.031937 0.049950
1 0.518047 0.633937 0.031937 0.049925
1 0.587781 0.624550 0.031937 0.049950
1 0.725938 0.615175 0.031937 0.049950
2 0.554797 0.458075 0.031937 0.049950
2 0.735031 0.439850 0.031937 0.049950
2 0.735031 0.537175 0.031937 0.049950
2 0.433078 0.503287 0.031937 0.049925
2 0.392352 0.687500 0.031922 0.049950
2 0.471094 0.687500 0.031938 0.049950
2 0.553102 0.685750 0.031922 0.049950
2 0.630219 0.686625 0.031937 0.049950
2 0.589484 0.747450 0.031937 0.049950
2 0.513453 0.746575 0.031937 0.049950
2 0.432000 0.751800 0.031937 0.049950
2 0.353250 0.760663 0.031937 0.049925
