0 0.491875 0.500675 0.313594 0.516850
2 0.588961 0.597325 0.031172 0.050900
2 0.628492 0.660587 0.031172 0.050925
2 0.588961 0.733575 0.031172 0.050900
2 0.551703 0.660587 0.031156 0.050925
2 0.508367 0.596100 0.031172 0.050900
2 0.432328 0.593675 0.031156 0.050900
2 0.473383 0.658150 0.031172 0.050900
2 0.514445 0.722625 0.031172 0.050900
1 0.388992 0.282237 0.031172 0.050925
1 0.350977 0.347925 0.031172 0.050900
1 0.392789 0.417275 0.031172 0.050900
1 0.431570 0.341850 0.031172 0.050900
1 0.472633 0.408762 0.031172 0.050925
1 0.468070 0.272500 0.031172 0.050900
1 0.508367 0.349150 0.031172 0.050900
1 0.547898 0.407537 0.031172 0.050925
2 0.426242 0.732363 0.031172 0.050925
1 0.549422 0.277375 0.031156 0.050900
1 0.628492 0.270075 0.031172 0.050900
1 0.589719 0.347925 0.031156 0.050900
1 0.628492 0.403888 0.031172 0.050925
2 0.350977 0.726275 0.031172 0.050900
2 0.358570 0.610700 0.031172 0.050900
2 0.397352 0.665450 0.031172 0.050900
