2 0.740109 0.449862 0.032156 0.053475
2 0.906164 0.575413 0.032141 0.053475
1 0.953609 0.263000 0.032156 0.053450
1 0.970031 0.306800 0.032156 0.053450
1 0.939922 0.312638 0.032156 0.053475
1 0.945398 0.356437 0.032141 0.053475
1 0.962734 0.493663 0.032156 0.053475
1 0.854156 0.357900 0.032156 0.053450
1 0.501969 0.445487 0.032156 0.053475
1 0.538461 0.521400 0.032141 0.053450
1 0.789375 0.408988 0.032156 0.053475
1 0.700875 0.371025 0.032156 0.053450
1 0.543937 0.298038 0.032156 0.053475
1 0.580438 0.330150 0.032156 0.053450
2 0.585000 0.581250 0.032156 0.053450
2 0.653430 0.703875 0.032141 0.053450
2 0.735547 0.714100 0.032156 0.053450
2 0.698133 0.644025 0.032141 0.053450
0 0.640820 0.488888 0.316672 0.498475
2 0.619672 0.379788 0.032156 0.053475
2 0.626969 0.261550 0.032156 0.053450
2 0.902516 0.315550 0.032156 0.053450
2 0.873320 0.557900 0.032141 0.053450
2 0.695398 0.524312 0.032141 0.053475
