1 0.380625 0.276150 0.032156 0.053450
2 0.542578 0.531625 0.032156 0.053450
2 0.500758 0.585163 0.032141 0.053475
2 0.422445 0.588812 0.032141 0.053475
2 0.386711 0.529200 0.032141 0.053450
2 0.271898 0.461075 0.032141 0.053450
2 0.536500 0.666675 0.032156 0.053450
2 0.495438 0.717763 0.032156 0.053475
2 0.421687 0.711675 0.032156 0.053450
2 0.384430 0.648425 0.032141 0.053450
2 0.307633 0.648425 0.032141 0.053450
2 0.347930 0.701950 0.032141 0.053450
2 0.268852 0.706813 0.032141 0.053475
1 0.503805 0.465938 0.032141 0.053475
1 0.544102 0.402675 0.032141 0.053450
1 0.506844 0.339412 0.032156 0.053475
1 0.547141 0.278587 0.032156 0.053475
1 0.463500 0.271287 0.032156 0.053475
1 0.426250 0.339412 0.032156 0.053475
1 0.348695 0.345500 0.032141 0.053450
1 0.394312 0.403888 0.032156 0.053475
1 0.311437 0.399025 0.032156 0.053450
1 0.310672 0.270075 0.032156 0.053450
1 0.269617 0.586375 0.032141 0.053450
0 0.407797 0.497537 0.310437 0.498475
