1 0.715938 0.440387 0.032156 0.053475
1 0.564625 0.749387 0.032156 0.053475
1 0.446773 0.551100 0.032141 0.053450
1 0.743313 0.482975 0.032156 0.053450
1 0.655867 0.514600 0.032141 0.053450
0 0.426313 0.577788 0.310438 0.498475
2 0.694648 0.577850 0.032141 0.053450
2 0.664234 0.624088 0.032156 0.053475
2 0.692367 0.659375 0.032141 0.053450
2 0.703008 0.742100 0.032141 0.053450
2 0.659672 0.722625 0.032156 0.053450
2 0.626219 0.737225 0.032156 0.053450
1 0.327398 0.607050 0.032141 0.053450
2 0.624695 0.622875 0.032141 0.053450
2 0.468062 0.732363 0.032156 0.053475
2 0.390508 0.725062 0.032141 0.053475
2 0.482516 0.604625 0.032156 0.053450
2 0.368461 0.531625 0.032141 0.053450
2 0.290906 0.408762 0.032156 0.053475
1 0.360859 0.418487 0.032156 0.053475
1 0.328922 0.474450 0.032156 0.053450
1 0.484031 0.467150 0.032156 0.053450
1 0.563867 0.484188 0.032141 0.053475
1 0.653586 0.435525 0.032141 0.053450
1 0.684000 0.352800 0.032156 0.053450
