1 0.389492 0.390338 0.032141 0.053475
1 0.546633 0.531250 0.032141 0.053450
2 0.581484 0.451163 0.032156 0.053475
2 0.758258 0.457250 0.032141 0.053450
2 0.580211 0.579913 0.032141 0.053475
2 0.615695 0.646825 0.032141 0.053450
2 0.548531 0.640738 0.032156 0.053475
2 0.496578 0.580925 0.032156 0.053450
2 0.467430 0.651887 0.032141 0.053475
2 0.384422 0.637700 0.032156 0.053450
2 0.412305 0.464338 0.032141 0.053475
2 0.346406 0.576875 0.032156 0.053450
2 0.339438 0.701575 0.032156 0.053450
2 0.418641 0.708663 0.032156 0.053475
0 0.484953 0.487650 0.313594 0.505850
1 0.457922 0.523138 0.032156 0.053475
1 0.349578 0.328500 0.032156 0.053450
1 0.545359 0.264625 0.032156 0.053450
1 0.623930 0.273750 0.032141 0.053450
1 0.734180 0.514025 0.032141 0.053450
1 0.619500 0.399462 0.032156 0.053475
1 0.543461 0.402500 0.032141 0.053450
1 0.468695 0.264625 0.032141 0.053450
1 0.388859 0.258550 0.032156 0.053450
1 0.427508 0.331538 0.032141 0.053475
