2 0.718281 0.389013 0.032156 0.053475
2 0.728313 0.453225 0.032156 0.053450
1 0.843422 0.364513 0.032156 0.053475
1 0.734125 0.349300 0.032156 0.053450
1 0.784813 0.355225 0.032156 0.053450
1 0.817023 0.393238 0.032141 0.053475
1 0.765805 0.428725 0.032141 0.053450
1 0.800656 0.453225 0.032156 0.053450
1 0.793266 0.503062 0.032156 0.053475
1 0.742047 0.740463 0.032156 0.053475
1 0.765805 0.655975 0.032141 0.053450
1 0.753664 0.305375 0.032141 0.053450
0 0.486500 0.538275 0.313594 0.505850
2 0.507609 0.755663 0.032156 0.053475
2 0.698219 0.477725 0.032156 0.053450
2 0.725148 0.501375 0.032141 0.053450
2 0.761578 0.546150 0.032156 0.053450
2 0.698750 0.556287 0.032156 0.053475
1 0.811219 0.599375 0.032156 0.053450
2 0.720398 0.610350 0.032141 0.053450
2 0.732016 0.671188 0.032156 0.053475
2 0.670766 0.618800 0.032156 0.053450
2 0.694523 0.702438 0.032141 0.053475
1 0.795898 0.648375 0.032141 0.053450
2 0.700328 0.351838 0.032156 0.053475
