1 0.826187 0.366175 0.032156 0.053450
0 0.561344 0.492588 0.316656 0.498475
1 0.427008 0.456200 0.032141 0.053450
1 0.424727 0.328462 0.032141 0.053475
1 0.543336 0.265200 0.032141 0.053450
1 0.585156 0.327250 0.032156 0.053450
1 0.620133 0.521900 0.032141 0.053450
1 0.833031 0.468375 0.032156 0.053450
1 0.824664 0.418487 0.032141 0.053475
1 0.854320 0.402675 0.032141 0.053450
1 0.819344 0.316300 0.032156 0.053450
1 0.706813 0.263987 0.032156 0.053475
1 0.658148 0.334550 0.032141 0.053450
2 0.791969 0.614350 0.032156 0.053450
2 0.822383 0.599750 0.032141 0.053450
2 0.802617 0.560825 0.032141 0.053450
2 0.825422 0.534062 0.032156 0.053475
2 0.417883 0.698300 0.032141 0.053450
2 0.575273 0.703162 0.032141 0.053475
2 0.656633 0.716550 0.032141 0.053450
2 0.620133 0.649638 0.032141 0.053475
2 0.538773 0.635037 0.032141 0.053475
2 0.504562 0.580288 0.032156 0.053475
2 0.659672 0.594888 0.032156 0.053475
2 0.695406 0.520675 0.032156 0.053450
