1 0.704531 0.390512 0.032156 0.053475
1 0.704531 0.265200 0.032156 0.053450
1 0.624695 0.271287 0.032141 0.053475
1 0.665750 0.332112 0.032156 0.053475
1 0.550180 0.263987 0.032141 0.053475
1 0.464266 0.260337 0.032156 0.053475
1 0.585156 0.327250 0.032156 0.053450
1 0.506078 0.330900 0.032156 0.053450
1 0.423969 0.328475 0.032156 0.053450
1 0.544859 0.397813 0.032156 0.053475
1 0.581352 0.458637 0.032141 0.053475
1 0.426250 0.448900 0.032156 0.053450
2 0.697688 0.524325 0.032156 0.053450
2 0.703773 0.652075 0.032141 0.053450
2 0.621656 0.649638 0.032156 0.053475
2 0.579836 0.577862 0.032141 0.053475
2 0.505320 0.580288 0.032141 0.053475
2 0.424727 0.565700 0.032141 0.053450
2 0.457422 0.638688 0.032156 0.053475
2 0.540297 0.639900 0.032156 0.053450
2 0.577555 0.706813 0.032141 0.053475
0 0.563672 0.486563 0.316656 0.498475
2 0.652070 0.715325 0.032141 0.053450
2 0.505320 0.692213 0.032141 0.053475
2 0.419406 0.694650 0.032156 0.053450
