1 0.660430 0.328462 0.032141 0.053475
2 0.427008 0.577862 0.032141 0.053475
0 0.563656 0.486412 0.316656 0.498475
2 0.462742 0.638688 0.032141 0.053475
2 0.460461 0.508513 0.032141 0.053475
2 0.503805 0.574213 0.032141 0.053475
2 0.536500 0.647200 0.032156 0.053450
2 0.579078 0.698300 0.032156 0.053450
2 0.622414 0.642338 0.032141 0.053475
2 0.657391 0.711675 0.032156 0.053450
2 0.699969 0.642338 0.032156 0.053475
2 0.659672 0.587588 0.032156 0.053475
2 0.698445 0.514600 0.032141 0.053450
2 0.544859 0.383213 0.032156 0.053475
1 0.582117 0.583937 0.032141 0.053475
1 0.622414 0.513375 0.032141 0.053450
1 0.665750 0.451338 0.032156 0.053475
1 0.583633 0.452550 0.032141 0.053450
1 0.543336 0.509725 0.032141 0.053450
1 0.500758 0.452550 0.032141 0.053450
1 0.418641 0.458637 0.032156 0.053475
1 0.428531 0.321163 0.032156 0.053475
1 0.546383 0.262775 0.032141 0.053450
1 0.585914 0.324813 0.032141 0.053475
1 0.709852 0.255475 0.032141 0.053450
