1 0.734180 0.514025 0.032141 0.053450
0 0.484953 0.483950 0.313594 0.505850
2 0.418008 0.705625 0.032141 0.053450
1 0.546000 0.523138 0.032156 0.053475
1 0.502281 0.460288 0.032156 0.053475
1 0.348945 0.454200 0.032141 0.053450
1 0.620133 0.400475 0.032141 0.053450
1 0.627102 0.272738 0.032141 0.053475
1 0.544094 0.267675 0.032156 0.053450
1 0.429414 0.331538 0.032141 0.053475
1 0.350844 0.325450 0.032156 0.053450
1 0.386328 0.257525 0.032156 0.053450
2 0.341336 0.700550 0.032141 0.053450
1 0.469961 0.267675 0.032141 0.053450
2 0.347039 0.579913 0.032141 0.053475
2 0.383156 0.634663 0.032156 0.053475
2 0.468062 0.649863 0.032156 0.053475
2 0.497211 0.580925 0.032141 0.053450
2 0.547266 0.637700 0.032156 0.053450
2 0.615695 0.647837 0.032141 0.053475
2 0.580844 0.580925 0.032156 0.053450
2 0.756992 0.455225 0.032141 0.053450
2 0.582117 0.455225 0.032141 0.053450
2 0.426875 0.448125 0.032156 0.053450
1 0.423711 0.573825 0.032141 0.053450
