1 0.426250 0.480538 0.032156 0.053475
0 0.408563 0.496287 0.310438 0.498475
1 0.547141 0.277375 0.032156 0.053450
1 0.464266 0.277375 0.032156 0.053450
1 0.395070 0.278587 0.032141 0.053475
1 0.349453 0.345500 0.032156 0.053450
1 0.269617 0.340625 0.032141 0.053450
1 0.505320 0.338200 0.032141 0.053450
1 0.439930 0.355225 0.032141 0.053450
1 0.347930 0.464725 0.032141 0.053450
1 0.507602 0.467150 0.032141 0.053450
1 0.687805 0.491488 0.032141 0.053475
1 0.690086 0.551100 0.032141 0.053450
2 0.659672 0.391725 0.032156 0.053450
2 0.649031 0.462288 0.032156 0.053475
2 0.642945 0.540150 0.032141 0.053450
2 0.500758 0.593675 0.032141 0.053450
2 0.537258 0.661800 0.032141 0.053450
2 0.496195 0.718975 0.032141 0.053450
2 0.423203 0.714112 0.032156 0.053475
2 0.349453 0.703162 0.032156 0.053475
2 0.344891 0.585163 0.032156 0.053475
2 0.377586 0.523112 0.032141 0.053475
2 0.307633 0.520675 0.032141 0.053450
2 0.270375 0.570562 0.032156 0.053475
