1 0.621969 0.314163 0.032156 0.053475
1 0.462297 0.337475 0.032156 0.053450
1 0.544672 0.315175 0.032156 0.053450
2 0.391336 0.556450 0.032141 0.053450
2 0.390070 0.696350 0.032141 0.053450
2 0.429984 0.755150 0.032156 0.053450
1 0.390703 0.333425 0.032156 0.053450
2 0.350148 0.634513 0.032141 0.053475
2 0.545305 0.699400 0.032141 0.053450
2 0.623242 0.694325 0.032141 0.053450
2 0.553539 0.455075 0.032141 0.053450
2 0.583953 0.509825 0.032156 0.053450
1 0.352047 0.386137 0.032156 0.053475
2 0.694203 0.601063 0.032156 0.053475
2 0.819664 0.485487 0.032141 0.053475
2 0.732219 0.419600 0.032156 0.053450
2 0.715117 0.381075 0.032141 0.053450
1 0.503484 0.632487 0.032156 0.053475
1 0.583320 0.627425 0.032141 0.053450
1 0.723352 0.589913 0.032141 0.053475
1 0.822828 0.575712 0.032156 0.053475
0 0.488047 0.540750 0.313594 0.505850
1 0.775938 0.542262 0.032156 0.053475
1 0.756297 0.472313 0.032156 0.053475
1 0.621336 0.441900 0.032141 0.053450
