1 0.465781 0.274938 0.032156 0.053475
0 0.407797 0.496287 0.310437 0.498475
1 0.312953 0.396600 0.032156 0.053450
1 0.348695 0.346712 0.032141 0.053475
1 0.350211 0.464725 0.032141 0.053450
1 0.433094 0.330900 0.032156 0.053450
1 0.504562 0.339412 0.032156 0.053475
1 0.462742 0.409975 0.032141 0.053450
1 0.427008 0.479325 0.032141 0.053450
1 0.640664 0.462288 0.032141 0.053475
1 0.689328 0.553525 0.032156 0.053450
2 0.271133 0.573000 0.032141 0.053450
2 0.308391 0.521900 0.032156 0.053450
2 0.377586 0.526762 0.032141 0.053475
2 0.348695 0.587588 0.032141 0.053475
2 0.349453 0.698300 0.032156 0.053450
2 0.421687 0.715325 0.032156 0.053450
2 0.495438 0.721413 0.032156 0.053475
2 0.502281 0.588812 0.032156 0.053475
2 0.615570 0.523112 0.032141 0.053475
2 0.644461 0.377125 0.032141 0.053450
2 0.651305 0.333325 0.032141 0.053450
2 0.672594 0.299275 0.032156 0.053450
