2 0.266562 0.286362 0.032156 0.053475
2 0.351422 0.300963 0.032156 0.053475
2 0.245578 0.677600 0.032156 0.053450
2 0.293023 0.625050 0.032141 0.053450
2 0.324961 0.692200 0.032141 0.053450
2 0.358719 0.765200 0.032156 0.053450
2 0.407078 0.702425 0.032156 0.053450
2 0.442664 0.782712 0.032141 0.053475
2 0.487367 0.727237 0.032141 0.053475
2 0.617844 0.655700 0.032156 0.053450
2 0.588648 0.633800 0.032141 0.053450
2 0.458172 0.527237 0.032156 0.053475
1 0.676234 0.579788 0.032156 0.053475
1 0.369672 0.635263 0.032156 0.053475
1 0.250141 0.559350 0.032156 0.053450
1 0.214555 0.477600 0.032141 0.053450
1 0.255617 0.346213 0.032141 0.053475
1 0.298500 0.492200 0.032156 0.053450
1 0.369672 0.511175 0.032156 0.053450
1 0.419852 0.449862 0.032141 0.053475
1 0.507445 0.468850 0.032141 0.053450
1 0.431711 0.314100 0.032141 0.053450
1 0.513828 0.325775 0.032156 0.053450
0 0.354977 0.534275 0.325172 0.525000
