2 0.542578 0.637475 0.032156 0.053450
2 0.459703 0.637475 0.032156 0.053450
0 0.564039 0.488225 0.315766 0.504900
2 0.419406 0.693425 0.032156 0.053450
2 0.504562 0.579075 0.032156 0.053450
2 0.424727 0.565700 0.032141 0.053450
2 0.503805 0.689775 0.032141 0.053450
2 0.625453 0.647200 0.032156 0.053450
2 0.652828 0.709250 0.032156 0.053450
2 0.703773 0.655725 0.032141 0.053450
2 0.661953 0.580288 0.032156 0.053475
1 0.468062 0.388075 0.032156 0.053450
1 0.544859 0.400250 0.032156 0.053450
1 0.622414 0.392950 0.032141 0.053450
1 0.585156 0.324813 0.032156 0.053475
1 0.504562 0.330900 0.032156 0.053450
1 0.426250 0.323600 0.032156 0.053450
1 0.468062 0.259125 0.032156 0.053450
1 0.549422 0.259125 0.032156 0.053450
1 0.624695 0.262775 0.032141 0.053450
1 0.707570 0.270075 0.032141 0.053450
1 0.665750 0.330900 0.032156 0.053450
1 0.708336 0.384425 0.032141 0.053450
2 0.576797 0.704375 0.032156 0.053450
2 0.579078 0.574213 0.032156 0.053475
