2 0.693125 0.572987 0.032156 0.053475
0 0.424766 0.579013 0.310438 0.498475
1 0.327398 0.475675 0.032141 0.053450
1 0.360859 0.422138 0.032156 0.053475
1 0.398117 0.485400 0.032141 0.053450
1 0.447539 0.424575 0.032141 0.053450
1 0.488594 0.360100 0.032156 0.053450
1 0.526609 0.420925 0.032156 0.053450
1 0.743313 0.487837 0.032156 0.053475
1 0.717461 0.441600 0.032141 0.053450
1 0.658148 0.515813 0.032141 0.053475
1 0.655109 0.437963 0.032156 0.053475
1 0.683242 0.351575 0.032141 0.053450
1 0.565391 0.481750 0.032156 0.053450
2 0.515961 0.804137 0.032141 0.053475
2 0.440695 0.795625 0.032141 0.053450
2 0.406477 0.609488 0.032141 0.053475
2 0.483273 0.609488 0.032141 0.053475
2 0.525852 0.665450 0.032141 0.053450
2 0.624695 0.712900 0.032141 0.053450
2 0.626219 0.621650 0.032156 0.053450
2 0.662711 0.622875 0.032141 0.053450
2 0.657391 0.718975 0.032156 0.053450
2 0.702250 0.743312 0.032156 0.053475
2 0.691602 0.659375 0.032141 0.053450
