1 0.724586 0.412650 0.031172 0.050900
1 0.733195 0.616600 0.031172 0.050900
1 0.705820 0.672900 0.031172 0.050900
1 0.698789 0.584075 0.031172 0.050900
1 0.349211 0.377613 0.031172 0.050925
0 0.491891 0.530863 0.313594 0.505875
1 0.630742 0.305037 0.031172 0.050925
1 0.507180 0.375113 0.031172 0.050925
1 0.560367 0.306287 0.031172 0.050925
1 0.432898 0.756737 0.031172 0.050925
1 0.546289 0.561550 0.031172 0.050900
2 0.476688 0.442675 0.031156 0.050900
2 0.431328 0.502737 0.031156 0.050925
2 0.392227 0.569050 0.031172 0.050900
2 0.397695 0.689175 0.031172 0.050900
2 0.553320 0.689175 0.031172 0.050900
2 0.512664 0.747988 0.031172 0.050925
2 0.589305 0.747988 0.031172 0.050925
1 0.433680 0.375113 0.031172 0.050925
2 0.737883 0.473963 0.031172 0.050925
2 0.739445 0.567800 0.031172 0.050900
2 0.756648 0.331313 0.031172 0.050925
2 0.742578 0.292525 0.031156 0.050900
2 0.748836 0.241225 0.031172 0.050900
1 0.469648 0.312550 0.031172 0.050900
