1 0.842156 0.413625 0.032156 0.053450
2 0.656633 0.715325 0.032141 0.053450
2 0.578313 0.704375 0.032156 0.053450
2 0.458180 0.632600 0.032141 0.053450
2 0.501523 0.575425 0.032141 0.053450
2 0.537258 0.649638 0.032141 0.053475
2 0.619375 0.644775 0.032156 0.053450
2 0.693883 0.521900 0.032141 0.053450
2 0.789688 0.616788 0.032156 0.053475
2 0.823141 0.604625 0.032156 0.053450
2 0.801094 0.560825 0.032156 0.053450
2 0.828469 0.535275 0.032156 0.053450
2 0.540297 0.394163 0.032156 0.053475
0 0.561344 0.487662 0.316656 0.498475
1 0.706055 0.268850 0.032141 0.053450
1 0.655867 0.335763 0.032141 0.053475
1 0.582875 0.334550 0.032156 0.053450
1 0.542578 0.268850 0.032156 0.053450
1 0.425484 0.324813 0.032156 0.053475
1 0.415602 0.459850 0.032141 0.053450
1 0.500000 0.453775 0.032156 0.053450
1 0.582875 0.459850 0.032156 0.053450
1 0.619375 0.519462 0.032156 0.053475
1 0.663469 0.456200 0.032156 0.053450
1 0.814023 0.382000 0.032141 0.053450
