0 0.457953 0.533325 0.313594 0.505850
2 0.594281 0.686125 0.031156 0.050900
2 0.696164 0.480538 0.031172 0.050925
2 0.689320 0.571775 0.031172 0.050900
2 0.514445 0.563262 0.031172 0.050925
2 0.560070 0.628950 0.031172 0.050900
1 0.315992 0.378350 0.031172 0.050900
1 0.320555 0.507300 0.031172 0.050900
1 0.398875 0.375913 0.031156 0.050925
1 0.434609 0.312650 0.031156 0.050900
1 0.526617 0.306575 0.031172 0.050900
1 0.473383 0.374700 0.031172 0.050900
1 0.475664 0.502425 0.031172 0.050900
1 0.554742 0.501213 0.031172 0.050925
1 0.595805 0.437950 0.031172 0.050900
1 0.595039 0.305350 0.031172 0.050900
1 0.705289 0.431875 0.031172 0.050900
1 0.721258 0.392950 0.031172 0.050900
2 0.355539 0.566912 0.031172 0.050925
2 0.398875 0.627737 0.031156 0.050925
2 0.356297 0.693425 0.031156 0.050900
2 0.398875 0.751825 0.031156 0.050900
2 0.434609 0.689775 0.031156 0.050900
2 0.468820 0.760337 0.031172 0.050925
2 0.553227 0.749400 0.031172 0.050900
