2 0.392031 0.726275 0.032156 0.053450
0 0.427078 0.585187 0.310438 0.498475
2 0.468828 0.731150 0.032156 0.053450
2 0.290148 0.540150 0.032141 0.053450
2 0.369984 0.540150 0.032156 0.053450
2 0.522813 0.546225 0.032156 0.053450
2 0.624695 0.736012 0.032141 0.053475
2 0.658914 0.722625 0.032141 0.053450
2 0.703008 0.742100 0.032141 0.053450
2 0.626977 0.624088 0.032141 0.053475
2 0.661953 0.627738 0.032156 0.053475
2 0.692367 0.661800 0.032141 0.053450
2 0.694648 0.572987 0.032141 0.053475
1 0.742547 0.487837 0.032156 0.053475
1 0.715938 0.445250 0.032156 0.053450
1 0.684766 0.352800 0.032156 0.053450
1 0.654352 0.437950 0.032141 0.053450
1 0.656633 0.520675 0.032141 0.053450
1 0.563867 0.753038 0.032141 0.053475
1 0.325883 0.611925 0.032141 0.053450
1 0.447539 0.546225 0.032141 0.053450
1 0.563867 0.480538 0.032141 0.053475
1 0.484031 0.465938 0.032156 0.053475
1 0.360859 0.420925 0.032156 0.053450
1 0.326641 0.475675 0.032156 0.053450
