1 0.543336 0.405113 0.032141 0.053475
1 0.461984 0.409975 0.032156 0.053450
1 0.428531 0.346712 0.032156 0.053475
1 0.349453 0.346712 0.032156 0.053475
1 0.311437 0.277375 0.032156 0.053450
1 0.313719 0.406325 0.032156 0.053450
1 0.272656 0.461075 0.032156 0.053450
2 0.541055 0.534062 0.032141 0.053475
2 0.309156 0.523112 0.032156 0.053475
2 0.420164 0.592450 0.032141 0.053450
2 0.349453 0.585163 0.032156 0.053475
2 0.536500 0.667887 0.032156 0.053475
2 0.456664 0.655725 0.032141 0.053450
2 0.385945 0.655725 0.032141 0.053450
2 0.308391 0.650850 0.032156 0.053450
2 0.267336 0.709250 0.032141 0.053450
2 0.347172 0.703162 0.032156 0.053475
2 0.422445 0.715325 0.032141 0.053450
2 0.495438 0.722625 0.032156 0.053450
1 0.505320 0.343062 0.032141 0.053475
1 0.465781 0.274938 0.032156 0.053475
1 0.549422 0.281025 0.032156 0.053450
0 0.407797 0.504938 0.310437 0.498475
