1 0.613102 0.649725 0.032141 0.053450
1 0.704977 0.338488 0.032141 0.053475
1 0.538969 0.393238 0.032156 0.053475
1 0.461664 0.387150 0.032141 0.053450
1 0.343180 0.445950 0.032141 0.053450
1 0.578883 0.588900 0.032141 0.053450
1 0.536430 0.648713 0.032141 0.053475
1 0.576352 0.714600 0.032141 0.053450
1 0.497781 0.709538 0.032156 0.053475
1 0.417945 0.702438 0.032141 0.053475
1 0.384367 0.640600 0.032141 0.053450
1 0.341914 0.702438 0.032141 0.053475
2 0.704977 0.503738 0.032141 0.053475
2 0.701805 0.448987 0.032141 0.053475
2 0.702438 0.389175 0.032156 0.053450
2 0.587125 0.337475 0.032156 0.053450
2 0.627039 0.272600 0.032141 0.053450
2 0.544672 0.271575 0.032156 0.053450
2 0.506656 0.330375 0.032156 0.053450
2 0.469906 0.267525 0.032156 0.053450
2 0.423648 0.330375 0.032141 0.053450
2 0.388797 0.264475 0.032156 0.053450
2 0.347617 0.330375 0.032141 0.053450
2 0.339375 0.577750 0.032156 0.053450
0 0.484187 0.493825 0.313594 0.505850
