2 0.735703 0.715325 0.032156 0.053450
2 0.778281 0.650850 0.032156 0.053450
2 0.739508 0.586375 0.032141 0.053450
2 0.696930 0.642338 0.032141 0.053475
2 0.652828 0.705600 0.032156 0.053450
2 0.569953 0.697075 0.032156 0.053450
2 0.496961 0.697075 0.032141 0.053450
2 0.572992 0.574213 0.032141 0.053475
2 0.499242 0.580288 0.032141 0.053475
2 0.543336 0.513375 0.032141 0.053450
2 0.580594 0.453775 0.032156 0.053450
2 0.740266 0.451338 0.032156 0.053475
1 0.785125 0.385650 0.032156 0.053450
1 0.785891 0.268850 0.032156 0.053450
1 0.705289 0.263987 0.032141 0.053475
1 0.623172 0.260337 0.032156 0.053475
1 0.663469 0.329675 0.032156 0.053450
1 0.701492 0.517025 0.032141 0.053450
1 0.623172 0.389300 0.032156 0.053450
1 0.584398 0.328462 0.032141 0.053475
1 0.508359 0.323600 0.032156 0.053450
1 0.542578 0.386862 0.032156 0.053475
0 0.640820 0.488888 0.316672 0.498475
1 0.503039 0.444038 0.032141 0.053475
1 0.782844 0.525550 0.032156 0.053450
