2 0.380625 0.693450 0.032156 0.053450
2 0.345141 0.637700 0.032156 0.053450
1 0.540930 0.322412 0.032141 0.053475
1 0.465531 0.319375 0.032156 0.053450
0 0.480328 0.540738 0.313594 0.505875
1 0.620133 0.336600 0.032141 0.053450
2 0.339438 0.757325 0.032156 0.053450
1 0.385695 0.317350 0.032141 0.053450
1 0.614430 0.455225 0.032141 0.053450
1 0.424344 0.389325 0.032156 0.053450
1 0.346406 0.385263 0.032156 0.053475
1 0.497844 0.519087 0.032156 0.053475
1 0.344508 0.515025 0.032141 0.053450
1 0.421805 0.632625 0.032141 0.053450
1 0.542828 0.586000 0.032156 0.053450
1 0.729750 0.571800 0.032156 0.053450
2 0.577047 0.505900 0.032156 0.053450
2 0.751289 0.513000 0.032141 0.053450
2 0.421805 0.508950 0.032141 0.053450
2 0.577047 0.636688 0.032156 0.053475
2 0.610625 0.703600 0.032156 0.053450
2 0.489609 0.636688 0.032156 0.053475
2 0.463625 0.706637 0.032156 0.053475
2 0.568805 0.767463 0.032141 0.053475
2 0.417375 0.761375 0.032156 0.053450
