2 0.820297 0.483462 0.032156 0.053475
2 0.554172 0.452037 0.032156 0.053475
2 0.585219 0.507800 0.032156 0.053450
2 0.391969 0.558475 0.032156 0.053450
2 0.349516 0.636550 0.032156 0.053450
2 0.350148 0.762250 0.032141 0.053450
2 0.428719 0.756175 0.032156 0.053450
2 0.544039 0.700413 0.032141 0.053475
2 0.623875 0.696350 0.032156 0.053450
2 0.694203 0.599038 0.032156 0.053475
2 0.730953 0.420600 0.032156 0.053450
2 0.716383 0.384112 0.032141 0.053475
1 0.583320 0.632487 0.032141 0.053475
1 0.501586 0.629450 0.032141 0.053450
1 0.723984 0.585850 0.032156 0.053450
1 0.774672 0.545300 0.032156 0.053450
1 0.821562 0.575712 0.032156 0.053475
1 0.757563 0.477375 0.032156 0.053450
1 0.622609 0.445950 0.032156 0.053450
1 0.618172 0.315175 0.032156 0.053450
1 0.544672 0.314163 0.032156 0.053475
1 0.462297 0.335450 0.032156 0.053450
1 0.391336 0.334437 0.032141 0.053475
0 0.487266 0.535800 0.313594 0.505850
1 0.354586 0.385125 0.032141 0.053450
