1 0.622414 0.389300 0.032141 0.053450
1 0.583633 0.329675 0.032141 0.053450
1 0.544102 0.259125 0.032141 0.053450
1 0.544102 0.386862 0.032141 0.053475
1 0.503039 0.444038 0.032141 0.053475
1 0.664234 0.327250 0.032156 0.053450
1 0.708336 0.263987 0.032141 0.053475
1 0.785891 0.267638 0.032156 0.053475
1 0.741789 0.332112 0.032141 0.053475
1 0.656633 0.454987 0.032141 0.053475
1 0.743313 0.458637 0.032156 0.053475
2 0.496961 0.697075 0.032141 0.053450
2 0.580594 0.700725 0.032156 0.053450
2 0.778281 0.642338 0.032156 0.053475
0 0.643133 0.491363 0.316672 0.498475
2 0.580594 0.453775 0.032156 0.053450
2 0.542578 0.512163 0.032156 0.053475
2 0.500758 0.581513 0.032141 0.053475
2 0.737984 0.714112 0.032156 0.053475
2 0.656633 0.700725 0.032141 0.053450
2 0.539539 0.638688 0.032141 0.053475
2 0.616328 0.647200 0.032156 0.053450
2 0.693883 0.650850 0.032141 0.053450
2 0.740266 0.586375 0.032156 0.053450
1 0.625453 0.260337 0.032156 0.053475
