1 0.662711 0.335763 0.032141 0.053475
1 0.703773 0.270075 0.032141 0.053450
1 0.620891 0.272500 0.032156 0.053450
1 0.546383 0.270075 0.032141 0.053450
1 0.466547 0.263987 0.032156 0.053475
1 0.422445 0.328462 0.032141 0.053475
1 0.505320 0.338200 0.032141 0.053450
1 0.584398 0.328462 0.032141 0.053475
1 0.542578 0.402675 0.032156 0.053450
1 0.621656 0.525550 0.032156 0.053450
1 0.424727 0.451338 0.032141 0.053475
2 0.695406 0.526762 0.032156 0.053475
2 0.702250 0.658150 0.032156 0.053450
2 0.652070 0.715325 0.032141 0.053450
2 0.577555 0.708025 0.032141 0.053450
0 0.559797 0.493838 0.316656 0.498475
2 0.416359 0.698300 0.032156 0.053450
2 0.623172 0.648425 0.032156 0.053450
2 0.578313 0.581513 0.032156 0.053475
2 0.503039 0.583937 0.032141 0.053475
2 0.423969 0.569350 0.032156 0.053450
2 0.456664 0.641125 0.032141 0.053450
2 0.503039 0.694650 0.032141 0.053450
2 0.540297 0.645987 0.032156 0.053475
1 0.705289 0.390512 0.032141 0.053475
