1 0.276078 0.370063 0.032156 0.053475
1 0.504180 0.382225 0.032141 0.053450
1 0.354648 0.496775 0.032141 0.053450
1 0.150617 0.537338 0.032141 0.053475
1 0.160758 0.623500 0.032141 0.053450
1 0.579578 0.637700 0.032156 0.053450
1 0.620133 0.568762 0.032141 0.053475
1 0.615695 0.476500 0.032141 0.053450
1 0.644211 0.481575 0.032141 0.053450
1 0.627102 0.411625 0.032141 0.053450
1 0.464891 0.818150 0.032156 0.053450
2 0.473766 0.572825 0.032156 0.053450
2 0.585914 0.545450 0.032141 0.053450
2 0.630898 0.518075 0.032141 0.053450
2 0.650547 0.561663 0.032156 0.053475
2 0.673352 0.535300 0.032141 0.053450
2 0.668281 0.630600 0.032156 0.053450
2 0.634070 0.619450 0.032141 0.053450
2 0.612531 0.728938 0.032156 0.053475
2 0.162656 0.713738 0.032156 0.053475
2 0.180398 0.814100 0.032141 0.053450
2 0.308391 0.564700 0.032156 0.053450
2 0.310289 0.809025 0.032141 0.053450
1 0.361617 0.374112 0.032141 0.053475
0 0.373844 0.597525 0.313594 0.505850
