2 0.699906 0.553412 0.032156 0.053475
2 0.668859 0.616275 0.032156 0.053450
2 0.717016 0.608150 0.032156 0.053450
2 0.761367 0.546312 0.032141 0.053475
2 0.732852 0.667975 0.032141 0.053450
2 0.694836 0.694325 0.032141 0.053450
1 0.466734 0.566588 0.032156 0.053475
1 0.742359 0.742988 0.032156 0.053475
1 0.763906 0.653775 0.032156 0.053450
2 0.544039 0.445950 0.032141 0.053450
1 0.795586 0.645662 0.032141 0.053475
1 0.808891 0.598025 0.032156 0.053450
1 0.792414 0.502725 0.032141 0.053450
1 0.800648 0.454062 0.032141 0.053475
2 0.739188 0.463188 0.032156 0.053475
1 0.768336 0.425675 0.032141 0.053450
0 0.487547 0.534650 0.313594 0.505850
1 0.820930 0.402362 0.032141 0.053475
2 0.706242 0.450000 0.032141 0.053450
1 0.845641 0.363837 0.032156 0.053475
1 0.818391 0.350650 0.032156 0.053450
1 0.787344 0.344575 0.032156 0.053450
2 0.725883 0.512862 0.032141 0.053475
2 0.385633 0.442913 0.032141 0.053475
2 0.622609 0.563550 0.032156 0.053450
