2 0.700539 0.469275 0.032141 0.053450
0 0.487266 0.535800 0.313594 0.505850
2 0.725883 0.501713 0.032141 0.053475
2 0.760734 0.546312 0.032156 0.053475
2 0.699273 0.556450 0.032141 0.053450
2 0.718914 0.607150 0.032141 0.053450
2 0.732852 0.664925 0.032141 0.053450
2 0.694203 0.693312 0.032156 0.053475
2 0.668227 0.615250 0.032141 0.053450
2 0.428719 0.758200 0.032156 0.053450
2 0.390070 0.694325 0.032141 0.053450
2 0.729688 0.455075 0.032156 0.053450
2 0.736023 0.404388 0.032141 0.053475
1 0.732219 0.270562 0.032156 0.053475
1 0.784180 0.332400 0.032141 0.053450
1 0.813320 0.349638 0.032141 0.053475
1 0.845008 0.362825 0.032141 0.053450
1 0.818391 0.397288 0.032156 0.053475
1 0.765805 0.427700 0.032141 0.053450
1 0.798750 0.456087 0.032156 0.053475
1 0.789883 0.506775 0.032141 0.053450
1 0.808891 0.600050 0.032156 0.053450
1 0.795586 0.649725 0.032141 0.053450
1 0.765172 0.657825 0.032156 0.053450
1 0.742992 0.744000 0.032141 0.053450
