2 0.877883 0.550600 0.032141 0.053450
1 0.501969 0.448400 0.032156 0.053450
1 0.912555 0.495125 0.032141 0.053450
1 0.959086 0.481975 0.032141 0.053450
1 0.970031 0.430888 0.032156 0.053475
1 0.939016 0.444025 0.032156 0.053450
1 0.939016 0.397313 0.032156 0.053475
1 0.924414 0.336000 0.032141 0.053450
1 0.893391 0.314100 0.032156 0.053450
1 0.862367 0.392925 0.032141 0.053450
1 0.845031 0.354975 0.032156 0.053450
1 0.786641 0.407525 0.032156 0.053450
1 0.702695 0.376875 0.032141 0.053450
2 0.736453 0.714100 0.032156 0.053450
2 0.652516 0.708250 0.032156 0.053450
2 0.699961 0.639650 0.032141 0.053450
2 0.740109 0.452788 0.032156 0.053475
2 0.692664 0.522850 0.032141 0.053450
2 0.576781 0.457163 0.032156 0.053475
2 0.623320 0.384175 0.032141 0.053450
2 0.628789 0.258625 0.032141 0.053450
2 0.905250 0.571025 0.032156 0.053450
2 0.846859 0.518475 0.032156 0.053450
2 0.879703 0.481975 0.032156 0.053450
0 0.640820 0.488888 0.316672 0.498475
