1 0.576031 0.619225 0.032156 0.053450
1 0.362375 0.375913 0.032156 0.053475
1 0.357055 0.493912 0.032141 0.053475
1 0.243000 0.440387 0.032156 0.053475
1 0.235398 0.557175 0.032141 0.053450
1 0.148727 0.532850 0.032141 0.053450
1 0.173055 0.618000 0.032141 0.053450
1 0.576797 0.519462 0.032156 0.053475
1 0.605687 0.526762 0.032156 0.053475
1 0.604930 0.569350 0.032141 0.053450
1 0.466547 0.691000 0.032156 0.053450
1 0.465781 0.815087 0.032156 0.053475
2 0.514445 0.506075 0.032141 0.053450
2 0.474148 0.570562 0.032141 0.053475
2 0.353250 0.626525 0.032156 0.053450
2 0.316000 0.569338 0.032156 0.053475
2 0.272656 0.742100 0.032156 0.053450
2 0.634578 0.520675 0.032156 0.053450
2 0.661195 0.534062 0.032141 0.053475
2 0.662711 0.579075 0.032141 0.053450
2 0.633062 0.571775 0.032156 0.053450
2 0.629258 0.614350 0.032141 0.053450
2 0.602648 0.639900 0.032141 0.053450
2 0.572992 0.574213 0.032141 0.053475
0 0.373844 0.601237 0.310438 0.498475
