1 0.353313 0.447475 0.031156 0.050900
0 0.451000 0.534575 0.313594 0.505850
2 0.545508 0.629112 0.031172 0.050925
2 0.585109 0.695013 0.031156 0.050925
2 0.547086 0.763437 0.031172 0.050925
2 0.508023 0.695013 0.031172 0.050925
2 0.466836 0.629112 0.031172 0.050925
2 0.429867 0.695850 0.031172 0.050900
2 0.468414 0.757525 0.031172 0.050900
2 0.389211 0.760900 0.031172 0.050900
2 0.357008 0.696700 0.031172 0.050900
2 0.387102 0.630800 0.031172 0.050900
2 0.305789 0.627425 0.031172 0.050900
2 0.308430 0.760900 0.031172 0.050900
1 0.588805 0.439025 0.031172 0.050900
1 0.517523 0.449175 0.031172 0.050900
1 0.548680 0.379050 0.031172 0.050900
1 0.587227 0.309775 0.031172 0.050900
1 0.506430 0.311463 0.031172 0.050925
1 0.463664 0.379050 0.031172 0.050900
1 0.425648 0.441563 0.031172 0.050925
1 0.390805 0.378200 0.031172 0.050900
1 0.428289 0.308075 0.031172 0.050900
1 0.348031 0.316525 0.031156 0.050900
1 0.309484 0.379050 0.031156 0.050900
