1 0.810156 0.599038 0.032156 0.053475
0 0.485719 0.538275 0.313594 0.505850
1 0.464203 0.566600 0.032156 0.053450
1 0.792414 0.504750 0.032141 0.053450
1 0.801281 0.454062 0.032156 0.053475
1 0.763906 0.425675 0.032156 0.053450
1 0.820297 0.396275 0.032156 0.053450
1 0.847539 0.361800 0.032141 0.053450
1 0.820297 0.351675 0.032156 0.053450
1 0.787977 0.341525 0.032141 0.053450
1 0.798117 0.646675 0.032141 0.053450
1 0.767703 0.651750 0.032156 0.053450
1 0.743625 0.744000 0.032156 0.053450
2 0.544672 0.443925 0.032156 0.053450
2 0.699273 0.383100 0.032141 0.053450
2 0.736023 0.415538 0.032141 0.053475
2 0.730320 0.460150 0.032141 0.053450
2 0.701172 0.469275 0.032156 0.053450
2 0.726516 0.509825 0.032156 0.053450
2 0.760734 0.546312 0.032156 0.053475
2 0.699906 0.556450 0.032156 0.053450
2 0.720820 0.609175 0.032141 0.053450
2 0.733484 0.665950 0.032156 0.053450
2 0.694203 0.696350 0.032156 0.053450
2 0.670125 0.614237 0.032156 0.053475
