2 0.350211 0.703162 0.032141 0.053475
2 0.614812 0.520675 0.032156 0.053450
2 0.500000 0.588812 0.032156 0.053475
2 0.379867 0.523112 0.032141 0.053475
2 0.311437 0.519462 0.032156 0.053475
2 0.268852 0.568125 0.032141 0.053450
2 0.344891 0.582725 0.032156 0.053450
2 0.496195 0.721413 0.032141 0.053475
2 0.421687 0.715325 0.032156 0.053450
1 0.690844 0.554750 0.032156 0.053450
1 0.642945 0.462288 0.032141 0.053475
1 0.508359 0.464725 0.032156 0.053450
1 0.542578 0.535275 0.032156 0.053450
1 0.505320 0.340625 0.032141 0.053450
2 0.644461 0.375913 0.032141 0.053475
0 0.408563 0.498762 0.310438 0.498475
2 0.651305 0.328462 0.032141 0.053475
2 0.672594 0.296838 0.032156 0.053475
1 0.463500 0.282238 0.032156 0.053475
1 0.431570 0.330900 0.032141 0.053450
1 0.465781 0.406325 0.032156 0.053450
1 0.427766 0.476887 0.032156 0.053475
1 0.350211 0.464725 0.032141 0.053450
1 0.312953 0.399025 0.032156 0.053450
1 0.349453 0.344275 0.032156 0.053450
