1 0.763906 0.653775 0.032156 0.053450
2 0.465469 0.445950 0.032156 0.053450
2 0.716383 0.358762 0.032141 0.053475
2 0.736656 0.405400 0.032156 0.053450
2 0.729055 0.453050 0.032141 0.053450
2 0.699273 0.471300 0.032141 0.053450
2 0.725883 0.501713 0.032141 0.053475
2 0.699273 0.553412 0.032141 0.053475
2 0.759469 0.544288 0.032156 0.053475
2 0.718914 0.607150 0.032141 0.053450
2 0.670125 0.615250 0.032156 0.053450
2 0.732219 0.667975 0.032156 0.053450
2 0.695469 0.696350 0.032156 0.053450
1 0.742992 0.740962 0.032141 0.053475
1 0.796852 0.646675 0.032141 0.053450
0 0.488047 0.535800 0.313594 0.505850
1 0.809523 0.598025 0.032141 0.053450
1 0.791781 0.502725 0.032156 0.053450
1 0.800648 0.453050 0.032141 0.053450
1 0.766437 0.427700 0.032156 0.053450
1 0.819664 0.399312 0.032141 0.053475
1 0.843734 0.364850 0.032156 0.053450
1 0.815227 0.347613 0.032141 0.053475
1 0.785445 0.334437 0.032141 0.053475
1 0.736656 0.291850 0.032156 0.053450
