1 0.465023 0.411187 0.032141 0.053475
0 0.408563 0.503713 0.310438 0.498475
2 0.536492 0.670312 0.032141 0.053475
2 0.458945 0.529200 0.032141 0.053450
2 0.495438 0.720200 0.032156 0.053450
2 0.454383 0.656938 0.032141 0.053475
2 0.423203 0.593675 0.032156 0.053450
2 0.348695 0.590025 0.032141 0.053450
2 0.271898 0.587588 0.032141 0.053475
2 0.309156 0.649638 0.032156 0.053475
2 0.387469 0.655725 0.032156 0.053450
2 0.421687 0.718975 0.032156 0.053450
2 0.347930 0.705600 0.032141 0.053450
2 0.268852 0.709250 0.032141 0.053450
1 0.503797 0.474450 0.032156 0.053450
1 0.504562 0.343062 0.032156 0.053475
1 0.547141 0.284675 0.032156 0.053450
1 0.465781 0.277375 0.032156 0.053450
1 0.427008 0.345500 0.032141 0.053450
1 0.379867 0.278587 0.032141 0.053475
1 0.312953 0.274938 0.032156 0.053475
1 0.271898 0.339412 0.032141 0.053475
1 0.350969 0.347925 0.032156 0.053450
1 0.312953 0.403900 0.032156 0.053450
1 0.389750 0.409975 0.032156 0.053450
