2 0.737367 0.454250 0.032141 0.053450
1 0.951781 0.261550 0.032156 0.053450
1 0.969117 0.298038 0.032141 0.053475
1 0.940836 0.300963 0.032141 0.053475
1 0.949047 0.349137 0.032156 0.053475
1 0.959086 0.489275 0.032141 0.053450
1 0.856898 0.359350 0.032141 0.053450
1 0.705438 0.394388 0.032156 0.053475
1 0.581344 0.328700 0.032156 0.053450
1 0.542117 0.306800 0.032141 0.053450
1 0.503789 0.445487 0.032141 0.053475
1 0.540289 0.518475 0.032141 0.053450
2 0.622406 0.381250 0.032156 0.053450
2 0.626969 0.257163 0.032156 0.053475
2 0.543937 0.258625 0.032156 0.053450
2 0.875141 0.554975 0.032156 0.053450
2 0.906164 0.573950 0.032141 0.053450
2 0.905250 0.311175 0.032156 0.053450
2 0.739195 0.717013 0.032141 0.053475
2 0.653430 0.705337 0.032141 0.053475
2 0.584086 0.575413 0.032141 0.053475
2 0.694484 0.527237 0.032156 0.053475
0 0.640820 0.487662 0.316672 0.498475
