2 0.907992 0.576875 0.032141 0.053450
2 0.624234 0.260087 0.032156 0.053475
2 0.547586 0.257163 0.032141 0.053475
2 0.582258 0.573950 0.032141 0.053450
2 0.538461 0.633800 0.032141 0.053450
2 0.616016 0.636725 0.032156 0.053450
2 0.652516 0.706800 0.032156 0.053450
2 0.696313 0.645487 0.032156 0.053475
2 0.737367 0.714100 0.032141 0.053450
2 0.779336 0.657162 0.032141 0.053475
2 0.741016 0.465925 0.032156 0.053450
1 0.790289 0.264462 0.032141 0.053475
1 0.711820 0.267388 0.032141 0.053475
0 0.639766 0.488438 0.316656 0.498475
1 0.959086 0.495125 0.032141 0.053450
1 0.790289 0.403150 0.032141 0.053450
1 0.706344 0.395850 0.032156 0.053450
1 0.534812 0.315550 0.032156 0.053450
1 0.585906 0.444025 0.032156 0.053450
1 0.499234 0.445487 0.032156 0.053475
1 0.539375 0.515550 0.032156 0.053450
1 0.658898 0.578325 0.032141 0.053450
1 0.784813 0.537450 0.032156 0.053450
1 0.660727 0.454250 0.032141 0.053450
2 0.871492 0.554975 0.032141 0.053450
