1 0.909812 0.328700 0.032156 0.053450
2 0.875141 0.550600 0.032156 0.053450
0 0.641594 0.487662 0.316656 0.498475
2 0.736453 0.714100 0.032156 0.053450
2 0.651602 0.703875 0.032141 0.053450
2 0.699047 0.639650 0.032156 0.053450
2 0.695398 0.522850 0.032141 0.053450
2 0.584086 0.579788 0.032141 0.053475
2 0.626969 0.257163 0.032156 0.053475
2 0.621492 0.385625 0.032141 0.053450
2 0.739195 0.446950 0.032141 0.053450
2 0.906164 0.578325 0.032141 0.053450
1 0.501969 0.448400 0.032156 0.053450
1 0.700875 0.373950 0.032156 0.053450
1 0.790289 0.403150 0.032141 0.053450
1 0.933539 0.357900 0.032141 0.053450
1 0.949047 0.411900 0.032156 0.053450
1 0.972773 0.442563 0.032141 0.053475
1 0.960906 0.492200 0.032156 0.053450
1 0.943570 0.451325 0.032141 0.053450
2 0.884266 0.474675 0.032156 0.053450
2 0.903430 0.385625 0.032141 0.053450
1 0.909812 0.527237 0.032156 0.053475
1 0.876969 0.425050 0.032156 0.053450
1 0.539375 0.515550 0.032156 0.053450
