2 0.704977 0.500700 0.032141 0.053450
2 0.693570 0.598025 0.032141 0.053450
2 0.552906 0.453050 0.032156 0.053450
2 0.391336 0.558475 0.032141 0.053450
2 0.352687 0.634513 0.032156 0.053475
2 0.350148 0.759212 0.032141 0.053475
2 0.428719 0.755150 0.032156 0.053450
2 0.544672 0.704475 0.032156 0.053450
2 0.623875 0.695350 0.032156 0.053450
1 0.758203 0.476363 0.032156 0.053475
1 0.777211 0.545300 0.032141 0.053450
1 0.820930 0.573688 0.032141 0.053475
1 0.725250 0.587875 0.032156 0.053450
1 0.620703 0.442913 0.032156 0.053475
1 0.621336 0.313150 0.032141 0.053450
1 0.541500 0.315175 0.032156 0.053450
1 0.460398 0.328350 0.032141 0.053450
1 0.390070 0.330375 0.032141 0.053450
1 0.351414 0.385125 0.032141 0.053450
1 0.582055 0.629450 0.032141 0.053450
1 0.500953 0.632487 0.032156 0.053475
2 0.821562 0.484475 0.032156 0.053450
2 0.730320 0.418575 0.032141 0.053450
2 0.715750 0.382075 0.032156 0.053450
0 0.486500 0.539500 0.313594 0.505850
