1 0.377586 0.367400 0.031172 0.050900
2 0.421680 0.565700 0.031172 0.050900
2 0.577555 0.568125 0.031172 0.050900
2 0.656633 0.684912 0.031172 0.050925
2 0.615570 0.745750 0.031172 0.050900
2 0.573758 0.684912 0.031172 0.050925
2 0.535742 0.621650 0.031172 0.050900
2 0.538773 0.750600 0.031172 0.050900
2 0.494680 0.687350 0.031172 0.050900
2 0.459703 0.748175 0.031156 0.050900
2 0.456664 0.624088 0.031172 0.050925
2 0.418648 0.687350 0.031172 0.050900
2 0.374539 0.753037 0.031172 0.050925
1 0.620133 0.495138 0.031172 0.050925
1 0.533461 0.485400 0.031172 0.050900
1 0.572227 0.437950 0.031172 0.050900
1 0.616336 0.371050 0.031172 0.050900
1 0.656633 0.301700 0.031172 0.050900
1 0.576789 0.301700 0.031172 0.050900
1 0.533461 0.368613 0.031172 0.050925
1 0.494680 0.305350 0.031172 0.050900
1 0.460461 0.371050 0.031172 0.050900
1 0.423211 0.306575 0.031172 0.050900
1 0.421680 0.437950 0.031172 0.050900
0 0.515844 0.525900 0.313594 0.505850
