2 0.626219 0.621650 0.032156 0.053450
0 0.427859 0.580238 0.310438 0.498475
1 0.683242 0.351575 0.032141 0.053450
1 0.718219 0.441600 0.032156 0.053450
1 0.742547 0.485400 0.032156 0.053450
1 0.653586 0.436738 0.032141 0.053475
1 0.658148 0.517025 0.032141 0.053450
1 0.526609 0.419700 0.032156 0.053450
1 0.489359 0.355225 0.032156 0.053450
1 0.404961 0.474450 0.032141 0.053450
1 0.486313 0.484188 0.032156 0.053475
1 0.523570 0.552312 0.032141 0.053475
1 0.369984 0.546225 0.032156 0.053450
1 0.365422 0.666675 0.032156 0.053450
2 0.693125 0.576650 0.032156 0.053450
2 0.664234 0.627738 0.032156 0.053475
2 0.692367 0.663025 0.032141 0.053450
2 0.703008 0.748175 0.032141 0.053450
2 0.657391 0.723850 0.032156 0.053450
2 0.625453 0.711675 0.032156 0.053450
2 0.525094 0.669100 0.032156 0.053450
2 0.482516 0.603400 0.032156 0.053450
2 0.482516 0.726275 0.032156 0.053450
2 0.438414 0.793187 0.032141 0.053475
2 0.515969 0.806562 0.032156 0.053475
