2 0.693125 0.660587 0.032156 0.053475
0 0.427859 0.581375 0.310438 0.498500
1 0.490117 0.358888 0.032141 0.053475
1 0.526609 0.422138 0.032156 0.053475
1 0.684000 0.350362 0.032156 0.053475
1 0.655109 0.434300 0.032156 0.053450
1 0.718219 0.442825 0.032156 0.053450
1 0.742547 0.486625 0.032156 0.053450
1 0.658148 0.517025 0.032141 0.053450
1 0.524328 0.549875 0.032156 0.053450
1 0.484797 0.482975 0.032156 0.053450
1 0.446773 0.551100 0.032141 0.053450
1 0.359336 0.654500 0.032141 0.053450
1 0.313719 0.613138 0.032156 0.053475
2 0.662711 0.628950 0.032141 0.053450
2 0.626977 0.622875 0.032141 0.053450
2 0.624695 0.709250 0.032141 0.053450
2 0.657391 0.722625 0.032156 0.053450
2 0.703008 0.743312 0.032141 0.053475
2 0.693125 0.575425 0.032156 0.053450
2 0.525852 0.667887 0.032141 0.053475
2 0.483273 0.605837 0.032141 0.053475
2 0.328922 0.468375 0.032156 0.053450
2 0.516727 0.800488 0.032141 0.053475
2 0.439930 0.799275 0.032141 0.053450
