2 0.500953 0.588900 0.032156 0.053450
2 0.422383 0.573688 0.032141 0.053475
2 0.348250 0.575712 0.032156 0.053475
2 0.382461 0.635525 0.032141 0.053450
2 0.463570 0.642625 0.032141 0.053450
2 0.537703 0.647700 0.032156 0.053450
2 0.615633 0.647700 0.032141 0.053450
0 0.485719 0.487650 0.313594 0.505850
2 0.575086 0.714600 0.032141 0.053450
2 0.495250 0.712575 0.032156 0.053450
2 0.417945 0.706500 0.032141 0.053450
2 0.341914 0.700413 0.032141 0.053475
1 0.623875 0.403375 0.032156 0.053450
1 0.582687 0.336462 0.032156 0.053475
1 0.623875 0.261450 0.032156 0.053450
1 0.543406 0.269550 0.032156 0.053450
1 0.468000 0.265500 0.032156 0.053450
1 0.390070 0.259412 0.032141 0.053475
1 0.506656 0.335450 0.032156 0.053450
1 0.428719 0.331400 0.032156 0.053450
1 0.465469 0.399312 0.032156 0.053475
1 0.391336 0.393238 0.032141 0.053475
1 0.350148 0.327338 0.032141 0.053475
2 0.578883 0.591938 0.032141 0.053475
