2 0.735070 0.536925 0.031172 0.050900
2 0.717539 0.337450 0.031172 0.050900
1 0.733125 0.615888 0.031156 0.050925
0 0.491000 0.534575 0.313594 0.505850
1 0.698711 0.581600 0.031172 0.050900
1 0.472742 0.438225 0.031172 0.050900
1 0.517539 0.633550 0.031172 0.050900
1 0.586367 0.626275 0.031172 0.050900
1 0.388320 0.325525 0.031172 0.050900
1 0.468836 0.310438 0.031172 0.050925
1 0.561047 0.307325 0.031156 0.050900
1 0.631180 0.303162 0.031172 0.050925
1 0.590273 0.370700 0.031172 0.050900
1 0.507148 0.375900 0.031172 0.050900
2 0.352461 0.761000 0.031172 0.050900
1 0.433133 0.375900 0.031172 0.050900
2 0.353820 0.636450 0.031172 0.050900
2 0.398172 0.561150 0.031156 0.050900
2 0.471438 0.686538 0.031156 0.050925
2 0.512352 0.748875 0.031172 0.050900
2 0.553258 0.686538 0.031172 0.050925
2 0.588977 0.746800 0.031172 0.050900
2 0.630523 0.686538 0.031172 0.050925
2 0.594164 0.496412 0.031172 0.050925
2 0.722086 0.421600 0.031172 0.050900
