1 0.719742 0.394162 0.031172 0.050925
2 0.320555 0.756688 0.031172 0.050925
2 0.357055 0.688563 0.031172 0.050925
2 0.355539 0.566912 0.031172 0.050925
2 0.398117 0.751825 0.031172 0.050900
2 0.433086 0.688563 0.031172 0.050925
2 0.468820 0.762775 0.031172 0.050900
2 0.553227 0.749400 0.031172 0.050900
2 0.594281 0.684912 0.031156 0.050925
2 0.558547 0.626525 0.031156 0.050900
2 0.689320 0.574213 0.031172 0.050925
2 0.695406 0.478100 0.031156 0.050900
2 0.513687 0.562050 0.031156 0.050900
1 0.705289 0.433088 0.031172 0.050925
1 0.318273 0.506075 0.031172 0.050900
1 0.315242 0.380775 0.031172 0.050900
1 0.399633 0.378350 0.031172 0.050900
1 0.471102 0.375913 0.031172 0.050925
1 0.476430 0.502425 0.031172 0.050900
1 0.433852 0.310225 0.031172 0.050900
1 0.524336 0.307788 0.031172 0.050925
1 0.595039 0.307788 0.031172 0.050925
1 0.595805 0.437950 0.031172 0.050900
1 0.553227 0.503650 0.031172 0.050900
0 0.457953 0.530863 0.313594 0.505875
