1 0.496195 0.436738 0.031172 0.050925
2 0.617852 0.489050 0.031172 0.050900
2 0.658148 0.562050 0.031172 0.050900
2 0.791977 0.474450 0.031172 0.050900
2 0.795773 0.529200 0.031172 0.050900
2 0.614055 0.632600 0.031172 0.050900
2 0.614055 0.745750 0.031172 0.050900
2 0.538016 0.750600 0.031156 0.050900
2 0.459703 0.748175 0.031156 0.050900
2 0.418648 0.688563 0.031172 0.050925
2 0.417883 0.571775 0.031172 0.050900
2 0.381383 0.624088 0.031172 0.050925
2 0.373781 0.750600 0.031156 0.050900
1 0.780570 0.604625 0.031172 0.050900
1 0.538016 0.630175 0.031156 0.050900
1 0.656633 0.301700 0.031172 0.050900
1 0.616336 0.373475 0.031172 0.050900
1 0.572227 0.439175 0.031172 0.050900
1 0.575273 0.304138 0.031172 0.050925
1 0.496195 0.306575 0.031172 0.050900
1 0.459703 0.372262 0.031156 0.050925
1 0.420930 0.307788 0.031172 0.050925
1 0.414086 0.434300 0.031172 0.050900
1 0.380625 0.501213 0.031156 0.050925
0 0.515813 0.525925 0.313594 0.505850
