0 0.376156 0.600000 0.316656 0.498450
1 0.628500 0.435525 0.032156 0.053450
1 0.570711 0.638688 0.032141 0.053475
1 0.515203 0.632600 0.032156 0.053450
1 0.429289 0.627738 0.032141 0.053475
1 0.354016 0.502425 0.032156 0.053450
1 0.362375 0.369825 0.032156 0.053450
1 0.241484 0.430650 0.032156 0.053450
1 0.236922 0.553525 0.032156 0.053450
1 0.142641 0.464725 0.032156 0.053450
1 0.146445 0.416050 0.032141 0.053450
1 0.131234 0.374700 0.032156 0.053450
1 0.117547 0.419700 0.032156 0.053450
2 0.517484 0.509725 0.032156 0.053450
2 0.598844 0.462288 0.032156 0.053475
2 0.665750 0.583937 0.032156 0.053475
2 0.626977 0.613138 0.032141 0.053475
2 0.602648 0.641125 0.032141 0.053450
2 0.428531 0.759125 0.032156 0.053450
2 0.470344 0.828462 0.032156 0.053475
2 0.388227 0.823600 0.032141 0.053450
2 0.312953 0.819950 0.032156 0.053450
2 0.315234 0.682475 0.032156 0.053450
2 0.274937 0.745738 0.032156 0.053475
2 0.227797 0.807787 0.032156 0.053475
