1 0.729617 0.536500 0.031172 0.050900
1 0.628492 0.402675 0.031172 0.050900
1 0.507602 0.346712 0.031172 0.050925
1 0.467305 0.276150 0.031172 0.050900
1 0.390508 0.279800 0.031172 0.050900
1 0.730383 0.481750 0.031172 0.050900
2 0.630016 0.660587 0.031156 0.050925
2 0.588961 0.593675 0.031172 0.050900
2 0.768398 0.453775 0.031172 0.050900
2 0.734180 0.433088 0.031172 0.050925
2 0.585156 0.467150 0.031156 0.050900
2 0.391273 0.409975 0.031172 0.050900
2 0.471102 0.406325 0.031172 0.050900
1 0.744070 0.315087 0.031172 0.050925
1 0.716695 0.369825 0.031172 0.050900
1 0.547898 0.532850 0.031172 0.050900
1 0.630016 0.271288 0.031156 0.050925
1 0.548664 0.274938 0.031172 0.050925
2 0.513680 0.723850 0.031172 0.050900
2 0.433086 0.717763 0.031172 0.050925
2 0.350977 0.727500 0.031172 0.050900
2 0.357820 0.608275 0.031172 0.050900
0 0.490359 0.502475 0.313594 0.505850
1 0.589719 0.344275 0.031156 0.050900
2 0.588961 0.728712 0.031172 0.050925
