1 0.465781 0.263987 0.032156 0.053475
2 0.696930 0.526762 0.032141 0.053475
2 0.578313 0.576650 0.032156 0.053450
2 0.618609 0.649638 0.032156 0.053475
2 0.702250 0.654500 0.032156 0.053450
2 0.651305 0.712900 0.032141 0.053450
2 0.577555 0.710462 0.032141 0.053475
2 0.541055 0.642338 0.032141 0.053475
2 0.503805 0.582725 0.032141 0.053450
2 0.423969 0.571775 0.032156 0.053450
2 0.457422 0.641125 0.032156 0.053450
2 0.503805 0.693425 0.032141 0.053450
2 0.418641 0.698300 0.032156 0.053450
1 0.581352 0.456200 0.032141 0.053450
1 0.703773 0.391725 0.032141 0.053450
1 0.663469 0.335763 0.032156 0.053475
1 0.704531 0.267638 0.032156 0.053475
1 0.623172 0.266425 0.032156 0.053450
1 0.547898 0.265200 0.032141 0.053450
1 0.585156 0.328462 0.032156 0.053475
1 0.502281 0.333325 0.032156 0.053450
1 0.465781 0.392950 0.032156 0.053450
1 0.423203 0.327250 0.032156 0.053450
0 0.563625 0.489500 0.316500 0.502350
