1 0.537937 0.277600 0.031156 0.050900
1 0.379539 0.420550 0.031172 0.050900
2 0.541742 0.663850 0.031172 0.050900
1 0.461273 0.415475 0.031172 0.050900
1 0.456836 0.277600 0.031172 0.050900
1 0.420086 0.346537 0.031172 0.050925
2 0.578492 0.596950 0.031172 0.050900
2 0.619680 0.659800 0.031172 0.050900
2 0.582289 0.733800 0.031172 0.050900
2 0.505625 0.724675 0.031156 0.050900
2 0.463172 0.664863 0.031156 0.050925
2 0.423258 0.596950 0.031172 0.050900
1 0.342148 0.352625 0.031172 0.050900
2 0.422617 0.729750 0.031172 0.050900
2 0.389039 0.666900 0.031172 0.050900
2 0.350383 0.614175 0.031172 0.050900
2 0.342148 0.730762 0.031172 0.050925
1 0.619039 0.402300 0.031172 0.050900
1 0.618414 0.275575 0.031172 0.050900
1 0.579758 0.346537 0.031172 0.050925
1 0.536039 0.410400 0.031172 0.050900
1 0.377633 0.287737 0.031172 0.050925
0 0.481867 0.506175 0.313609 0.505850
2 0.500555 0.598975 0.031172 0.050900
1 0.496117 0.349575 0.031172 0.050900
