0 0.427078 0.580250 0.313594 0.505850
2 0.285453 0.669325 0.032156 0.053450
2 0.361484 0.668112 0.032156 0.053475
2 0.442086 0.670550 0.032141 0.053450
2 0.520398 0.676625 0.032141 0.053450
2 0.561453 0.737450 0.032156 0.053450
2 0.516594 0.805575 0.032156 0.053450
2 0.481617 0.739887 0.032141 0.053475
2 0.438281 0.793413 0.032156 0.053475
2 0.402547 0.735025 0.032156 0.053450
2 0.323469 0.732587 0.032156 0.053475
2 0.363008 0.794625 0.032141 0.053450
2 0.287734 0.784900 0.032156 0.053450
1 0.331836 0.480763 0.032141 0.053475
1 0.404828 0.483200 0.032156 0.053450
1 0.445883 0.422375 0.032141 0.053450
1 0.484664 0.488063 0.032141 0.053475
1 0.563734 0.492925 0.032156 0.053450
1 0.525719 0.427237 0.032156 0.053475
1 0.563734 0.353025 0.032156 0.053450
1 0.489227 0.360325 0.032141 0.053450
1 0.407867 0.355463 0.032141 0.053475
1 0.369094 0.419937 0.032156 0.053475
1 0.330313 0.355463 0.032156 0.053475
1 0.289258 0.421150 0.032141 0.053450
