2 0.652516 0.706800 0.032156 0.053450
1 0.861453 0.398775 0.032156 0.053450
1 0.892477 0.309713 0.032141 0.053475
1 0.927148 0.340375 0.032141 0.053450
2 0.494672 0.695125 0.032156 0.053450
2 0.570398 0.693663 0.032141 0.053475
0 0.640047 0.490113 0.316656 0.498475
1 0.938102 0.394388 0.032141 0.053475
1 0.971859 0.439650 0.032156 0.053450
1 0.960000 0.480525 0.032156 0.053450
1 0.938102 0.445487 0.032141 0.053475
1 0.898867 0.493663 0.032141 0.053475
2 0.500141 0.584175 0.032156 0.053450
1 0.699969 0.375913 0.032156 0.053475
1 0.784813 0.406063 0.032156 0.053475
1 0.846859 0.354975 0.032156 0.053450
1 0.501969 0.445487 0.032156 0.053475
2 0.575875 0.458625 0.032156 0.053450
2 0.623320 0.381250 0.032141 0.053450
2 0.626969 0.255700 0.032156 0.053450
2 0.697227 0.521400 0.032141 0.053450
2 0.742844 0.448400 0.032156 0.053450
2 0.781164 0.646950 0.032141 0.053450
2 0.700875 0.639650 0.032156 0.053450
2 0.736453 0.714100 0.032156 0.053450
