2 0.737984 0.712900 0.032156 0.053450
1 0.622414 0.390512 0.032141 0.053475
1 0.663469 0.329675 0.032156 0.053450
1 0.583633 0.324813 0.032141 0.053475
1 0.656633 0.454987 0.032141 0.053475
1 0.503039 0.323600 0.032141 0.053450
1 0.545617 0.262775 0.032141 0.053450
1 0.623938 0.263987 0.032156 0.053475
1 0.705289 0.267638 0.032141 0.053475
1 0.742547 0.332112 0.032156 0.053475
1 0.786648 0.267638 0.032141 0.053475
2 0.656633 0.703162 0.032141 0.053475
2 0.779047 0.643550 0.032156 0.053450
2 0.740266 0.585163 0.032156 0.053475
2 0.696164 0.649638 0.032141 0.053475
2 0.615570 0.647200 0.032141 0.053450
1 0.742547 0.457425 0.032156 0.053450
2 0.628500 0.517025 0.032156 0.053450
2 0.541820 0.515813 0.032141 0.053475
2 0.500000 0.587588 0.032156 0.053475
2 0.538773 0.641125 0.032141 0.053450
2 0.580594 0.704375 0.032156 0.053450
2 0.498477 0.697075 0.032141 0.053450
1 0.543336 0.386862 0.032141 0.053475
0 0.641594 0.488888 0.316656 0.498475
