1 0.556602 0.509150 0.031172 0.050900
1 0.601477 0.445788 0.031172 0.050925
2 0.486898 0.764287 0.031172 0.050925
2 0.404523 0.768512 0.031172 0.050925
2 0.323211 0.767663 0.031172 0.050925
2 0.370211 0.705150 0.031172 0.050900
2 0.444656 0.700075 0.031156 0.050900
2 0.522805 0.701775 0.031172 0.050900
2 0.560289 0.767663 0.031172 0.050925
2 0.600422 0.700925 0.031156 0.050900
2 0.560289 0.635025 0.031172 0.050900
2 0.521742 0.572512 0.031172 0.050925
2 0.442539 0.575887 0.031172 0.050925
2 0.322680 0.521825 0.031172 0.050900
1 0.399773 0.517600 0.031172 0.050900
1 0.477922 0.515912 0.031156 0.050925
1 0.323742 0.394250 0.031172 0.050900
1 0.359117 0.324138 0.031172 0.050925
1 0.401359 0.388338 0.031156 0.050925
1 0.439906 0.316525 0.031156 0.050900
1 0.476336 0.386650 0.031172 0.050900
1 0.517523 0.316525 0.031172 0.050900
0 0.463344 0.540750 0.313594 0.505850
1 0.560820 0.382425 0.031172 0.050900
1 0.599367 0.313150 0.031172 0.050900
