2 0.692367 0.658150 0.032141 0.053450
2 0.703008 0.744525 0.032141 0.053450
1 0.404961 0.467150 0.032141 0.053450
1 0.325883 0.473238 0.032141 0.053475
2 0.290906 0.412400 0.032156 0.053450
1 0.656633 0.437950 0.032141 0.053450
1 0.565391 0.481750 0.032156 0.053450
1 0.684000 0.354013 0.032156 0.053475
1 0.716695 0.440387 0.032141 0.053475
1 0.742547 0.485400 0.032156 0.053450
1 0.656633 0.517025 0.032141 0.053450
1 0.447539 0.552312 0.032141 0.053475
2 0.399633 0.607050 0.032141 0.053450
2 0.485555 0.603400 0.032141 0.053450
1 0.487836 0.358875 0.032141 0.053450
2 0.624695 0.737225 0.032141 0.053450
2 0.660430 0.721413 0.032141 0.053475
1 0.359336 0.419700 0.032141 0.053450
0 0.427078 0.579013 0.310438 0.498475
2 0.438414 0.795625 0.032141 0.053450
2 0.515969 0.805350 0.032156 0.053450
2 0.626219 0.622875 0.032156 0.053450
2 0.661953 0.625300 0.032156 0.053450
2 0.693125 0.573000 0.032156 0.053450
