1 0.471984 0.437275 0.031937 0.049950
0 0.491898 0.534575 0.313609 0.505850
1 0.391828 0.438325 0.031937 0.049950
1 0.388570 0.325700 0.031922 0.049950
2 0.431578 0.506100 0.031937 0.049950
2 0.594500 0.496700 0.031937 0.049950
2 0.735273 0.438325 0.031922 0.049950
2 0.733969 0.536325 0.031937 0.049950
2 0.630344 0.686475 0.031937 0.049950
2 0.589945 0.748000 0.031922 0.049950
2 0.553453 0.686475 0.031937 0.049950
2 0.513047 0.748000 0.031937 0.049950
2 0.471336 0.686475 0.031922 0.049950
2 0.431578 0.752175 0.031937 0.049950
2 0.391828 0.688575 0.031937 0.049950
2 0.352727 0.759475 0.031922 0.049950
1 0.516297 0.632262 0.031937 0.049925
1 0.587984 0.623925 0.031937 0.049950
1 0.431578 0.375750 0.031937 0.049950
1 0.725500 0.613500 0.031937 0.049950
1 0.631000 0.300675 0.031937 0.049950
1 0.559969 0.305900 0.031937 0.049950
1 0.591250 0.368450 0.031937 0.049950
1 0.507180 0.373675 0.031922 0.049950
1 0.469375 0.310063 0.031937 0.049925
