0 0.641594 0.488888 0.316656 0.498475
1 0.626219 0.262775 0.032156 0.053450
1 0.701492 0.262775 0.032141 0.053450
1 0.788930 0.261550 0.032141 0.053450
1 0.741789 0.329675 0.032141 0.053450
1 0.666516 0.323600 0.032156 0.053450
1 0.585156 0.329675 0.032156 0.053450
1 0.542578 0.259125 0.032156 0.053450
1 0.500758 0.322388 0.032141 0.053475
1 0.546383 0.386862 0.032141 0.053475
1 0.494680 0.454987 0.032141 0.053475
1 0.735703 0.592450 0.032156 0.053450
1 0.785125 0.391725 0.032156 0.053450
2 0.586680 0.447687 0.032141 0.053475
2 0.658914 0.448900 0.032141 0.053450
2 0.785125 0.514600 0.032156 0.053450
2 0.696930 0.518250 0.032141 0.053450
2 0.623172 0.521900 0.032156 0.053450
2 0.653586 0.582725 0.032141 0.053450
2 0.779047 0.641125 0.032156 0.053450
2 0.735703 0.712900 0.032156 0.053450
2 0.655867 0.699512 0.032141 0.053475
2 0.618609 0.648413 0.032156 0.053475
2 0.541055 0.636250 0.032141 0.053450
2 0.504562 0.576650 0.032156 0.053450
