2 0.348945 0.577887 0.032141 0.053475
2 0.466797 0.649863 0.032156 0.053475
2 0.383789 0.636688 0.032141 0.053475
2 0.418641 0.708663 0.032156 0.053475
1 0.621398 0.400475 0.032141 0.053450
1 0.544094 0.397425 0.032156 0.053450
1 0.429414 0.330525 0.032141 0.053450
1 0.625836 0.275775 0.032141 0.053450
1 0.544727 0.265637 0.032141 0.053475
1 0.468695 0.264625 0.032141 0.053450
1 0.386961 0.262600 0.032141 0.053450
1 0.347039 0.328500 0.032141 0.053450
1 0.348313 0.455225 0.032156 0.053450
1 0.424344 0.575862 0.032156 0.053475
1 0.546633 0.525175 0.032141 0.053450
1 0.734812 0.514025 0.032156 0.053450
2 0.341969 0.701575 0.032156 0.053450
2 0.582750 0.451163 0.032156 0.053475
2 0.758891 0.453188 0.032156 0.053475
2 0.580844 0.576875 0.032156 0.053450
2 0.617594 0.645813 0.032156 0.053475
2 0.549164 0.637700 0.032141 0.053450
2 0.494672 0.580925 0.032156 0.053450
2 0.425609 0.444075 0.032156 0.053450
0 0.484953 0.486425 0.313594 0.505850
