2 0.776766 0.643550 0.032156 0.053450
2 0.737227 0.718975 0.032141 0.053450
2 0.696164 0.653288 0.032141 0.053475
2 0.655867 0.699512 0.032141 0.053475
2 0.615570 0.647200 0.032141 0.053450
2 0.582117 0.579075 0.032141 0.053450
2 0.580594 0.701950 0.032156 0.053450
2 0.538773 0.643550 0.032141 0.053450
2 0.497719 0.693425 0.032156 0.053450
2 0.500758 0.576650 0.032141 0.053450
1 0.741789 0.459850 0.032141 0.053450
1 0.785125 0.394163 0.032156 0.053475
1 0.741789 0.329675 0.032141 0.053450
1 0.787406 0.272500 0.032156 0.053450
1 0.707570 0.260337 0.032141 0.053475
1 0.661953 0.327250 0.032156 0.053450
1 0.623938 0.263987 0.032156 0.053475
1 0.622414 0.389300 0.032141 0.053450
1 0.583633 0.328462 0.032141 0.053475
1 0.545617 0.265200 0.032141 0.053450
1 0.502281 0.324813 0.032156 0.053475
1 0.542578 0.385650 0.032156 0.053450
2 0.739508 0.588812 0.032141 0.053475
0 0.642359 0.491363 0.316656 0.498475
2 0.619375 0.518250 0.032156 0.053450
