2 0.536500 0.664238 0.032156 0.053475
2 0.266578 0.705600 0.032156 0.053450
1 0.350211 0.457425 0.032141 0.053450
2 0.496961 0.718975 0.032141 0.053450
1 0.468828 0.400250 0.032156 0.053450
1 0.312195 0.400250 0.032141 0.053450
1 0.271133 0.334550 0.032141 0.053450
1 0.349453 0.341850 0.032156 0.053450
1 0.389750 0.397813 0.032156 0.053475
1 0.379867 0.273725 0.032141 0.053450
1 0.426250 0.341850 0.032156 0.053450
1 0.464266 0.274938 0.032156 0.053475
2 0.348695 0.700725 0.032141 0.053450
1 0.544102 0.401462 0.032141 0.053475
2 0.420922 0.711675 0.032156 0.053450
1 0.547898 0.279800 0.032141 0.053450
0 0.408563 0.495063 0.310438 0.498475
2 0.504562 0.465938 0.032156 0.053475
1 0.506844 0.336975 0.032156 0.053450
2 0.426250 0.467150 0.032156 0.053450
2 0.380625 0.524325 0.032156 0.053450
2 0.312195 0.520675 0.032141 0.053450
2 0.347930 0.582725 0.032141 0.053450
2 0.429289 0.582725 0.032141 0.053450
2 0.501523 0.586375 0.032141 0.053450
