2 0.348313 0.574850 0.032156 0.053450
2 0.341969 0.700550 0.032156 0.053450
1 0.623297 0.400475 0.032156 0.053450
1 0.552336 0.502862 0.032141 0.053475
1 0.584648 0.340662 0.032141 0.053475
1 0.625195 0.275775 0.032141 0.053450
1 0.544727 0.270712 0.032141 0.053475
1 0.504813 0.334575 0.032156 0.053450
1 0.468695 0.267675 0.032141 0.053450
1 0.388859 0.260575 0.032156 0.053450
1 0.429414 0.330525 0.032141 0.053450
1 0.466164 0.396425 0.032141 0.053450
1 0.389492 0.391350 0.032141 0.053450
1 0.348945 0.324437 0.032141 0.053475
2 0.461094 0.643775 0.032156 0.053450
2 0.419906 0.707650 0.032156 0.053450
2 0.538391 0.646825 0.032156 0.053450
2 0.615062 0.645813 0.032156 0.053475
2 0.580211 0.586000 0.032141 0.053450
2 0.411039 0.464350 0.032141 0.053450
2 0.383789 0.632625 0.032141 0.053450
2 0.425609 0.577887 0.032156 0.053475
2 0.575773 0.715762 0.032141 0.053475
0 0.484953 0.490125 0.313594 0.505850
2 0.493406 0.710700 0.032156 0.053450
