0 0.481867 0.540738 0.313609 0.505875
2 0.465531 0.682300 0.032156 0.053450
2 0.392664 0.668112 0.032141 0.053475
1 0.569438 0.378175 0.032156 0.053450
1 0.577047 0.427850 0.032156 0.053450
1 0.519383 0.380200 0.032141 0.053450
1 0.443352 0.348775 0.032141 0.053450
1 0.399000 0.423787 0.032156 0.053475
1 0.348313 0.446100 0.032156 0.053450
1 0.500375 0.445075 0.032156 0.053450
1 0.468695 0.462313 0.032141 0.053475
1 0.620133 0.513000 0.032141 0.053450
1 0.509250 0.544425 0.032156 0.053450
1 0.555500 0.578900 0.032156 0.053450
1 0.566906 0.665075 0.032156 0.053450
2 0.618227 0.440012 0.032141 0.053475
2 0.528891 0.461300 0.032156 0.053450
2 0.575141 0.525175 0.032156 0.053450
2 0.380625 0.617425 0.032156 0.053450
2 0.485805 0.593100 0.032141 0.053450
2 0.446516 0.578900 0.032156 0.053450
2 0.556766 0.718800 0.032156 0.053450
2 0.539031 0.666088 0.032156 0.053475
