2 0.626055 0.264462 0.032141 0.053475
0 0.637734 0.488888 0.316656 0.498475
1 0.855984 0.356437 0.032156 0.053475
1 0.947227 0.354975 0.032141 0.053450
1 0.939922 0.309713 0.032156 0.053475
1 0.954523 0.263000 0.032141 0.053450
1 0.968211 0.303875 0.032141 0.053450
1 0.963648 0.492200 0.032141 0.053450
1 0.702695 0.373950 0.032141 0.053450
1 0.578609 0.333075 0.032156 0.053450
1 0.542117 0.306800 0.032141 0.053450
1 0.501969 0.445487 0.032156 0.053475
1 0.537555 0.512637 0.032141 0.053475
2 0.906164 0.576875 0.032141 0.053450
2 0.876969 0.556437 0.032156 0.053475
2 0.903430 0.317013 0.032141 0.053475
2 0.699047 0.642563 0.032156 0.053475
2 0.735547 0.712638 0.032156 0.053475
2 0.653430 0.702425 0.032141 0.053450
2 0.580438 0.579788 0.032156 0.053475
2 0.620578 0.384175 0.032156 0.053450
2 0.543937 0.258625 0.032156 0.053450
