2 0.363766 0.793413 0.032156 0.053475
1 0.562219 0.489275 0.032156 0.053450
2 0.513555 0.803150 0.032141 0.053450
2 0.560695 0.736237 0.032141 0.053475
2 0.400266 0.735025 0.032156 0.053450
2 0.324992 0.732587 0.032141 0.053475
2 0.284695 0.666900 0.032141 0.053450
2 0.361484 0.666900 0.032156 0.053450
2 0.400266 0.603637 0.032156 0.053475
2 0.517359 0.664463 0.032156 0.053475
2 0.564500 0.612150 0.032156 0.053450
1 0.331070 0.602413 0.032141 0.053475
0 0.425609 0.577775 0.313594 0.498450
1 0.481617 0.486850 0.032141 0.053450
1 0.283930 0.542800 0.032141 0.053450
1 0.368328 0.542800 0.032156 0.053450
1 0.447406 0.551325 0.032156 0.053450
1 0.521922 0.551325 0.032156 0.053450
1 0.403305 0.478325 0.032141 0.053450
1 0.564500 0.353025 0.032156 0.053450
1 0.487703 0.356675 0.032156 0.053450
1 0.409391 0.354250 0.032156 0.053450
1 0.331836 0.354250 0.032141 0.053450
2 0.286211 0.786112 0.032141 0.053475
2 0.439805 0.788550 0.032141 0.053450
