0 0.563656 0.483962 0.316656 0.498475
1 0.834547 0.462288 0.032156 0.053475
1 0.623172 0.517025 0.032156 0.053450
1 0.500758 0.450125 0.032141 0.053450
1 0.586680 0.327250 0.032141 0.053450
1 0.547141 0.259125 0.032156 0.053450
1 0.664992 0.448900 0.032141 0.053450
1 0.841391 0.357662 0.032156 0.053475
1 0.855836 0.397813 0.032141 0.053475
1 0.827703 0.409975 0.032156 0.053450
2 0.695406 0.515813 0.032156 0.053475
2 0.540297 0.390512 0.032156 0.053475
2 0.621656 0.643550 0.032156 0.053450
1 0.660430 0.326025 0.032141 0.053450
1 0.709094 0.259125 0.032156 0.053450
1 0.423203 0.323600 0.032156 0.053450
2 0.794250 0.604625 0.032156 0.053450
2 0.823906 0.600975 0.032156 0.053450
2 0.803375 0.557175 0.032156 0.053450
2 0.830750 0.532850 0.032156 0.053450
2 0.579078 0.698300 0.032156 0.053450
2 0.419406 0.694650 0.032156 0.053450
2 0.506078 0.573000 0.032156 0.053450
2 0.540297 0.632600 0.032156 0.053450
2 0.656633 0.712900 0.032141 0.053450
