1 0.544859 0.386862 0.032156 0.053475
2 0.498477 0.698300 0.032141 0.053450
2 0.580594 0.701950 0.032156 0.053450
2 0.655109 0.704375 0.032156 0.053450
2 0.737227 0.712900 0.032141 0.053450
2 0.695406 0.652075 0.032156 0.053450
2 0.615570 0.649638 0.032141 0.053475
2 0.538773 0.638688 0.032141 0.053475
2 0.498477 0.576650 0.032141 0.053450
2 0.585156 0.577862 0.032156 0.053475
2 0.655109 0.581513 0.032156 0.053475
2 0.738750 0.591237 0.032156 0.053475
2 0.779047 0.644775 0.032156 0.053450
1 0.662711 0.329675 0.032141 0.053450
1 0.503805 0.326025 0.032141 0.053450
1 0.545617 0.261550 0.032141 0.053450
1 0.583633 0.327250 0.032141 0.053450
1 0.623172 0.388075 0.032156 0.053450
1 0.624695 0.260337 0.032141 0.053475
1 0.706055 0.266425 0.032141 0.053450
1 0.786648 0.270075 0.032141 0.053450
1 0.739508 0.334550 0.032141 0.053450
1 0.785125 0.397813 0.032156 0.053475
0 0.640820 0.490113 0.316672 0.498475
