2 0.384430 0.650850 0.032141 0.053450
0 0.407797 0.496287 0.310437 0.498475
1 0.551703 0.391725 0.032156 0.053450
1 0.506844 0.345500 0.032156 0.053450
1 0.547898 0.277375 0.032141 0.053450
1 0.461227 0.273725 0.032141 0.053450
1 0.429289 0.343062 0.032141 0.053475
1 0.379867 0.276163 0.032141 0.053475
1 0.309914 0.270075 0.032141 0.053450
1 0.273414 0.336975 0.032141 0.053450
1 0.348695 0.344275 0.032141 0.053450
1 0.311437 0.401462 0.032156 0.053475
1 0.392789 0.403888 0.032141 0.053475
1 0.462742 0.401462 0.032141 0.053475
2 0.498477 0.590025 0.032141 0.053450
2 0.534977 0.663025 0.032141 0.053450
2 0.493914 0.718975 0.032141 0.053450
2 0.422445 0.711675 0.032141 0.053450
2 0.458180 0.653288 0.032141 0.053475
2 0.418641 0.591237 0.032156 0.053475
2 0.347172 0.583937 0.032156 0.053475
2 0.348695 0.701950 0.032141 0.053450
2 0.309156 0.648425 0.032156 0.053450
2 0.268094 0.585163 0.032156 0.053475
2 0.266578 0.704375 0.032156 0.053450
