1 0.470883 0.439375 0.031172 0.050900
1 0.586227 0.626025 0.031172 0.050900
1 0.697664 0.584313 0.031172 0.050925
1 0.732211 0.613513 0.031172 0.050925
1 0.433727 0.753225 0.031172 0.050900
2 0.431328 0.501487 0.031156 0.050925
2 0.593992 0.497725 0.031172 0.050900
2 0.701914 0.458950 0.031172 0.050900
2 0.722242 0.418900 0.031172 0.050900
2 0.717555 0.336325 0.031172 0.050900
2 0.733195 0.536525 0.031172 0.050900
2 0.630742 0.687925 0.031172 0.050900
2 0.589305 0.747988 0.031172 0.050925
2 0.513445 0.750487 0.031172 0.050925
2 0.551758 0.685425 0.031172 0.050900
1 0.560164 0.306950 0.031172 0.050900
2 0.396133 0.691675 0.031172 0.050900
2 0.353914 0.639088 0.031172 0.050825
1 0.432430 0.376812 0.031172 0.050925
0 0.489578 0.532100 0.313594 0.505850
1 0.506719 0.373688 0.031156 0.050925
1 0.468922 0.313200 0.031156 0.050900
1 0.387461 0.324675 0.031172 0.050900
1 0.631195 0.441463 0.031172 0.050925
1 0.629242 0.302775 0.031172 0.050900
