2 0.687867 0.615250 0.032141 0.053450
1 0.778477 0.328350 0.032141 0.053450
1 0.805086 0.279687 0.032141 0.053475
1 0.699273 0.280700 0.032141 0.053450
1 0.729688 0.272600 0.032156 0.053450
1 0.750594 0.304025 0.032156 0.053450
1 0.775938 0.273612 0.032156 0.053475
2 0.736656 0.436825 0.032156 0.053450
2 0.796219 0.508800 0.032156 0.053450
2 0.840570 0.521988 0.032141 0.053475
2 0.856406 0.573688 0.032156 0.053475
2 0.824727 0.646675 0.032141 0.053450
2 0.781008 0.630463 0.032141 0.053475
2 0.749961 0.569638 0.032141 0.053475
2 0.730320 0.629450 0.032141 0.053450
2 0.750594 0.695350 0.032156 0.053450
2 0.781641 0.717650 0.032156 0.053450
2 0.719547 0.765300 0.032156 0.053450
1 0.504117 0.376000 0.032141 0.053450
1 0.711945 0.504750 0.032141 0.053450
1 0.764539 0.473325 0.032141 0.053450
0 0.488813 0.537037 0.313594 0.505875
1 0.785445 0.383100 0.032141 0.053450
1 0.749961 0.352687 0.032141 0.053475
1 0.722086 0.377013 0.032141 0.053475
