0 0.490812 0.530775 0.317375 0.508050
1 0.388242 0.323550 0.031922 0.049950
1 0.469047 0.310000 0.031937 0.049950
1 0.560937 0.303725 0.031938 0.049950
1 0.631219 0.301475 0.031937 0.049950
1 0.591031 0.371513 0.031937 0.049925
1 0.507500 0.373600 0.031937 0.049950
1 0.433313 0.375500 0.031937 0.049950
1 0.471547 0.439112 0.031937 0.049925
1 0.474914 0.559375 0.031922 0.049950
1 0.516977 0.633462 0.031922 0.049925
1 0.588125 0.625637 0.031937 0.049925
1 0.726609 0.615212 0.031937 0.049925
2 0.734211 0.537000 0.031922 0.049950
2 0.721172 0.419700 0.031937 0.049950
2 0.717922 0.337150 0.031937 0.049950
2 0.594094 0.496175 0.031937 0.049950
2 0.630484 0.686475 0.031937 0.049950
2 0.588664 0.747300 0.031922 0.049950
2 0.553367 0.687325 0.031922 0.049950
2 0.513172 0.748150 0.031937 0.049950
2 0.431719 0.752500 0.031937 0.049950
2 0.470813 0.688200 0.031937 0.049950
2 0.351883 0.760325 0.031922 0.049950
2 0.355687 0.630850 0.031938 0.049950
