1 0.542578 0.268850 0.032156 0.053450
0 0.560961 0.491425 0.317297 0.505800
2 0.579078 0.456200 0.032156 0.053450
2 0.614047 0.523112 0.032156 0.053475
2 0.542578 0.524325 0.032156 0.053450
2 0.505320 0.450125 0.032141 0.053450
2 0.423203 0.581513 0.032156 0.053475
2 0.571469 0.585163 0.032156 0.053475
2 0.701492 0.518250 0.032141 0.053450
2 0.694648 0.648425 0.032141 0.053450
2 0.655109 0.716550 0.032156 0.053450
2 0.574516 0.699512 0.032156 0.053475
2 0.536500 0.650850 0.032156 0.053450
2 0.460461 0.642338 0.032141 0.053475
1 0.620891 0.270075 0.032156 0.053450
1 0.705289 0.271287 0.032141 0.053475
1 0.658148 0.333325 0.032141 0.053450
1 0.700727 0.392950 0.032141 0.053450
1 0.655867 0.593675 0.032141 0.053450
1 0.504562 0.335763 0.032156 0.053475
1 0.462742 0.267638 0.032141 0.053475
1 0.419406 0.327250 0.032156 0.053450
1 0.465781 0.389300 0.032156 0.053450
1 0.417125 0.463500 0.032156 0.053450
