1 0.349211 0.377613 0.031172 0.050925
0 0.493437 0.533325 0.313594 0.505850
2 0.476688 0.441425 0.031156 0.050900
2 0.432109 0.502737 0.031156 0.050925
2 0.392227 0.569050 0.031172 0.050900
2 0.396133 0.687925 0.031172 0.050900
2 0.470430 0.690425 0.031172 0.050900
2 0.553320 0.685425 0.031172 0.050900
2 0.589305 0.746725 0.031172 0.050900
2 0.739445 0.569050 0.031172 0.050900
2 0.737883 0.473963 0.031172 0.050925
2 0.755086 0.331313 0.031172 0.050925
2 0.741008 0.291275 0.031172 0.050900
2 0.748836 0.241225 0.031172 0.050900
1 0.469648 0.310050 0.031172 0.050900
1 0.507961 0.375113 0.031172 0.050925
1 0.561148 0.306287 0.031172 0.050925
1 0.631523 0.302537 0.031172 0.050925
1 0.547852 0.566550 0.031172 0.050900
1 0.432891 0.376363 0.031156 0.050925
1 0.432891 0.752988 0.031156 0.050925
1 0.726148 0.415150 0.031172 0.050900
1 0.699570 0.582825 0.031172 0.050900
1 0.733977 0.616600 0.031172 0.050900
1 0.706602 0.677913 0.031172 0.050925
