1 0.544859 0.536500 0.032156 0.053450
1 0.505320 0.469587 0.032141 0.053475
1 0.688562 0.554750 0.032156 0.053450
1 0.640664 0.465938 0.032141 0.053475
1 0.427008 0.486625 0.032141 0.053450
0 0.409336 0.506162 0.310453 0.498475
2 0.268852 0.577862 0.032141 0.053475
1 0.350969 0.470800 0.032156 0.053450
1 0.348695 0.351575 0.032141 0.053450
1 0.311437 0.402675 0.032156 0.053450
2 0.672594 0.302925 0.032156 0.053450
2 0.379102 0.530413 0.032141 0.053475
2 0.344133 0.587588 0.032141 0.053475
2 0.347930 0.705600 0.032141 0.053450
2 0.420922 0.717763 0.032156 0.053475
2 0.495438 0.725062 0.032156 0.053475
2 0.500000 0.591237 0.032156 0.053475
2 0.612531 0.529200 0.032156 0.053450
2 0.643703 0.377125 0.032156 0.053450
2 0.651305 0.332112 0.032141 0.053475
1 0.464266 0.412400 0.032156 0.053450
1 0.433094 0.335763 0.032156 0.053475
2 0.309156 0.525550 0.032156 0.053450
1 0.465023 0.278587 0.032141 0.053475
