2 0.713844 0.496638 0.032156 0.053475
2 0.385000 0.441900 0.032156 0.053450
2 0.542773 0.445950 0.032141 0.053450
2 0.625141 0.564562 0.032156 0.053475
2 0.755664 0.415538 0.032141 0.053475
2 0.723352 0.456087 0.032141 0.053475
2 0.793047 0.554425 0.032156 0.053450
2 0.788609 0.510825 0.032156 0.053450
2 0.747430 0.533138 0.032141 0.053475
2 0.725250 0.562537 0.032156 0.053475
2 0.732852 0.667975 0.032141 0.053450
2 0.694836 0.697375 0.032141 0.053450
1 0.809523 0.599038 0.032141 0.053475
1 0.796852 0.643637 0.032141 0.053475
1 0.764539 0.654800 0.032141 0.053450
1 0.742992 0.744000 0.032141 0.053450
1 0.625141 0.691287 0.032156 0.053475
1 0.538969 0.694325 0.032156 0.053450
1 0.430617 0.628425 0.032141 0.053450
1 0.627672 0.431762 0.032156 0.053475
1 0.502852 0.506775 0.032141 0.053450
1 0.424281 0.385125 0.032156 0.053450
1 0.467367 0.313150 0.032141 0.053450
1 0.616266 0.310100 0.032156 0.053450
0 0.488047 0.538275 0.313594 0.505850
