1 0.465469 0.567600 0.032156 0.053450
2 0.383102 0.442913 0.032141 0.053475
2 0.541500 0.444937 0.032156 0.053475
2 0.350781 0.633500 0.032156 0.053450
2 0.423648 0.637550 0.032141 0.053450
2 0.620703 0.567600 0.032156 0.053450
2 0.732852 0.498675 0.032141 0.053450
2 0.764539 0.487513 0.032141 0.053475
2 0.759469 0.531112 0.032156 0.053475
2 0.781008 0.554425 0.032141 0.053450
2 0.729688 0.550375 0.032156 0.053450
2 0.731586 0.668988 0.032141 0.053475
2 0.693570 0.694325 0.032141 0.053450
1 0.466734 0.313150 0.032156 0.053450
1 0.618172 0.310100 0.032156 0.053450
1 0.742992 0.748063 0.032141 0.053475
1 0.766437 0.652763 0.032156 0.053475
1 0.798117 0.648713 0.032141 0.053475
1 0.811422 0.598025 0.032156 0.053450
0 0.487266 0.537037 0.313594 0.505875
1 0.809523 0.526038 0.032141 0.053475
1 0.796219 0.487513 0.032156 0.053475
1 0.820930 0.457100 0.032141 0.053450
1 0.796852 0.423650 0.032141 0.053450
1 0.768969 0.438850 0.032156 0.053450
