1 0.460633 0.436762 0.031172 0.050925
1 0.619039 0.298888 0.031172 0.050925
1 0.618414 0.425613 0.031172 0.050925
1 0.578492 0.370862 0.031172 0.050925
1 0.536672 0.300913 0.031156 0.050925
1 0.536039 0.432700 0.031172 0.050900
1 0.496117 0.372900 0.031172 0.050900
1 0.456836 0.298888 0.031172 0.050925
1 0.421352 0.371875 0.031172 0.050900
1 0.380805 0.443863 0.031172 0.050925
1 0.342148 0.375937 0.031172 0.050925
1 0.377633 0.308012 0.031172 0.050925
2 0.619680 0.685138 0.031172 0.050925
2 0.577852 0.618225 0.031172 0.050900
2 0.543008 0.687175 0.031172 0.050900
2 0.581023 0.754075 0.031172 0.050900
2 0.498648 0.618225 0.031172 0.050900
2 0.462539 0.686150 0.031172 0.050900
2 0.503727 0.748000 0.031172 0.050900
2 0.421992 0.753063 0.031172 0.050925
2 0.387773 0.689200 0.031172 0.050900
2 0.423258 0.619250 0.031172 0.050900
2 0.348492 0.634450 0.031172 0.050900
2 0.342148 0.751038 0.031172 0.050925
0 0.483406 0.527162 0.313594 0.505875
