1 0.497844 0.518075 0.032156 0.053450
0 0.480266 0.542588 0.313594 0.499675
2 0.613164 0.571800 0.032141 0.053450
2 0.577047 0.510975 0.032156 0.053450
2 0.750656 0.514025 0.032156 0.053450
2 0.611258 0.701575 0.032141 0.053450
2 0.570078 0.765437 0.032156 0.053475
2 0.417375 0.763413 0.032156 0.053475
2 0.381891 0.689400 0.032156 0.053450
2 0.423078 0.633650 0.032156 0.053450
2 0.452852 0.563700 0.032141 0.053450
2 0.423078 0.507938 0.032156 0.053475
2 0.345141 0.630600 0.032156 0.053450
2 0.338172 0.757325 0.032156 0.053450
1 0.616328 0.458263 0.032156 0.053475
1 0.539664 0.450150 0.032141 0.053450
1 0.622664 0.327475 0.032141 0.053450
1 0.729109 0.569775 0.032156 0.053450
1 0.542828 0.578900 0.032156 0.053450
1 0.426242 0.389325 0.032141 0.053450
1 0.463625 0.317350 0.032156 0.053450
1 0.383789 0.316325 0.032141 0.053450
1 0.346406 0.384250 0.032156 0.053450
1 0.342609 0.513000 0.032156 0.053450
1 0.533961 0.698525 0.032141 0.053450
